#Thorlabs FTS
[SpectrumHeader]
#Date;20260131
#Time;21460120
#GMTTime;0460120
#Instrument;0
#InstrModel;CCTxx
#Series;0
#InterferometerSerial;CCT11-M01257363
#Type;emission
#ChannelIndex;0
#XAxisUnit;nm_vac
#YAxisUnit;intensity
#Average;1
#RollingAverage;0
#SpectrumSmooth;0
#SSmoothParam1;0
#SSmoothParam2;0
#SSmoothParam3;0
#SSmoothParam4;0
#IntegrationTime;10.000000
#TriggerMode;0
#AirMeasureOpt;0
#AirTemp;15.00
#AirPressure;1013.25
#AirRelHum;0.00
#WnrMin;13675.218750
#WnrMax;31590.396484
#Length;4096
#Resolution;0.0000000000e+00
#ADC;0
#InstrStatus;0
#RefLaserLocked;0
#ChannelIndex;0
#AttenuationFilter;0
#Stitched;0
#ExcitationWavelength_nm;0
#SoftwareVersion;3.350000
#FirmwareVersion;
#Motor_FirmwareVersion;
#ReconstructionAlgorithms_SoftwareVersion;
#Sensor_FirmwareVersion;
#InstrSeriesIdentifier;MUN_COMPACT_SPECTROMETERS
#RefGainIndex;0
#RefSignalInPerecent;0.0
#BBRefGainIndex;0
#BBRefSignalInPerecent;0.0
#AutogainStatus;0
#Name;
#Comment;""
#ExtComment;""
#Source;
[Data]
3.165518799e+02;1.200000000e+02
3.166467896e+02;1.900000000e+02
3.167416992e+02;6.900000000e+01
3.168366089e+02;1.750000000e+02
3.169314880e+02;1.020000000e+02
3.170263977e+02;1.290000000e+02
3.171213074e+02;1.480000000e+02
3.172162476e+02;1.820000000e+02
3.173111877e+02;1.510000000e+02
3.174060974e+02;1.610000000e+02
3.175010376e+02;1.070000000e+02
3.175959778e+02;2.160000000e+02
3.176909180e+02;8.500000000e+01
3.177858582e+02;1.750000000e+02
3.178807983e+02;1.550000000e+02
3.179757690e+02;1.910000000e+02
3.180707397e+02;1.480000000e+02
3.181657104e+02;1.620000000e+02
3.182606506e+02;6.200000000e+01
3.183556519e+02;1.750000000e+02
3.184506226e+02;6.700000000e+01
3.185456238e+02;1.360000000e+02
3.186406250e+02;1.240000000e+02
3.187355957e+02;1.770000000e+02
3.188305969e+02;1.580000000e+02
3.189255981e+02;1.430000000e+02
3.190206299e+02;1.040000000e+02
3.191156006e+02;1.840000000e+02
3.192106323e+02;9.100000000e+01
3.193056641e+02;1.730000000e+02
3.194006958e+02;1.180000000e+02
3.194957275e+02;2.320000000e+02
3.195907288e+02;1.240000000e+02
3.196857910e+02;1.900000000e+02
3.197808228e+02;1.340000000e+02
3.198758850e+02;1.240000000e+02
3.199709473e+02;1.010000000e+02
3.200659790e+02;1.680000000e+02
3.201610413e+02;1.120000000e+02
3.202561035e+02;1.690000000e+02
3.203511963e+02;1.400000000e+02
3.204462585e+02;1.390000000e+02
3.205413208e+02;1.360000000e+02
3.206364136e+02;1.610000000e+02
3.207315063e+02;6.300000000e+01
3.208266296e+02;1.480000000e+02
3.209216919e+02;8.600000000e+01
3.210168152e+02;1.560000000e+02
3.211119080e+02;1.460000000e+02
3.212070312e+02;1.510000000e+02
3.213021545e+02;1.240000000e+02
3.213972473e+02;1.490000000e+02
3.214923706e+02;1.200000000e+02
3.215875244e+02;1.560000000e+02
3.216826477e+02;8.700000000e+01
3.217778015e+02;2.010000000e+02
3.218729248e+02;1.190000000e+02
3.219680786e+02;1.760000000e+02
3.220632324e+02;1.480000000e+02
3.221583862e+02;2.220000000e+02
3.222535400e+02;1.430000000e+02
3.223486938e+02;1.700000000e+02
3.224438782e+02;1.090000000e+02
3.225390625e+02;1.840000000e+02
3.226342468e+02;9.200000000e+01
3.227294006e+02;1.940000000e+02
3.228245850e+02;1.640000000e+02
3.229197998e+02;1.590000000e+02
3.230150146e+02;1.280000000e+02
3.231101990e+02;2.400000000e+02
3.232053833e+02;1.000000000e+02
3.233005981e+02;1.690000000e+02
3.233958435e+02;9.900000000e+01
3.234910583e+02;1.690000000e+02
3.235862732e+02;1.570000000e+02
3.236814880e+02;1.880000000e+02
3.237767334e+02;1.190000000e+02
3.238719788e+02;1.540000000e+02
3.239672241e+02;1.470000000e+02
3.240624390e+02;1.510000000e+02
3.241576843e+02;1.000000000e+02
3.242529602e+02;1.790000000e+02
3.243482361e+02;1.720000000e+02
3.244434814e+02;1.910000000e+02
3.245387268e+02;1.420000000e+02
3.246340027e+02;1.960000000e+02
3.247293091e+02;1.220000000e+02
3.248245850e+02;1.960000000e+02
3.249198914e+02;1.190000000e+02
3.250151367e+02;1.490000000e+02
3.251104431e+02;1.010000000e+02
3.252057495e+02;1.760000000e+02
3.253010559e+02;1.730000000e+02
3.253963928e+02;2.060000000e+02
3.254916687e+02;1.590000000e+02
3.255870056e+02;2.300000000e+02
3.256823120e+02;1.120000000e+02
3.257776489e+02;1.870000000e+02
3.258729858e+02;1.200000000e+02
3.259682922e+02;1.540000000e+02
3.260636597e+02;1.240000000e+02
3.261589966e+02;1.840000000e+02
3.262543640e+02;1.430000000e+02
3.263496704e+02;1.520000000e+02
3.264450378e+02;1.560000000e+02
3.265404053e+02;1.680000000e+02
3.266358032e+02;8.400000000e+01
3.267311707e+02;1.710000000e+02
3.268265076e+02;1.160000000e+02
3.269219055e+02;1.770000000e+02
3.270173035e+02;1.160000000e+02
3.271127014e+02;1.890000000e+02
3.272080994e+02;1.620000000e+02
3.273034668e+02;1.960000000e+02
3.273988647e+02;1.190000000e+02
3.274942932e+02;1.920000000e+02
3.275896912e+02;1.070000000e+02
3.276851196e+02;1.650000000e+02
3.277805176e+02;1.450000000e+02
3.278759460e+02;1.390000000e+02
3.279713745e+02;1.040000000e+02
3.280668335e+02;1.580000000e+02
3.281622620e+02;6.700000000e+01
3.282576904e+02;1.550000000e+02
3.283531189e+02;6.700000000e+01
3.284485779e+02;1.680000000e+02
3.285440369e+02;1.280000000e+02
3.286395264e+02;1.630000000e+02
3.287349548e+02;1.430000000e+02
3.288304443e+02;1.630000000e+02
3.289259033e+02;8.800000000e+01
3.290213928e+02;1.640000000e+02
3.291168823e+02;6.700000000e+01
3.292123413e+02;1.110000000e+02
3.293078308e+02;8.600000000e+01
3.294033508e+02;1.480000000e+02
3.294988403e+02;1.370000000e+02
3.295943298e+02;1.390000000e+02
3.296898499e+02;1.030000000e+02
3.297853699e+02;1.610000000e+02
3.298808899e+02;8.000000000e+01
3.299764099e+02;1.350000000e+02
3.300718994e+02;7.900000000e+01
3.301674500e+02;1.100000000e+02
3.302630005e+02;1.070000000e+02
3.303585205e+02;1.480000000e+02
3.304540710e+02;1.150000000e+02
3.305496216e+02;1.870000000e+02
3.306451721e+02;5.600000000e+01
3.307407227e+02;1.550000000e+02
3.308363037e+02;6.000000000e+01
3.309318542e+02;1.590000000e+02
3.310274048e+02;9.500000000e+01
3.311229858e+02;1.000000000e+02
3.312185669e+02;1.030000000e+02
3.313141785e+02;1.600000000e+02
3.314097595e+02;7.900000000e+01
3.315053406e+02;1.350000000e+02
3.316009216e+02;3.600000000e+01
3.316965332e+02;1.420000000e+02
3.317921448e+02;1.440000000e+02
3.318877563e+02;1.540000000e+02
3.319833374e+02;1.460000000e+02
3.320789795e+02;1.720000000e+02
3.321745911e+02;1.360000000e+02
3.322702332e+02;1.490000000e+02
3.323658752e+02;8.000000000e+01
3.324614868e+02;1.480000000e+02
3.325571289e+02;9.200000000e+01
3.326527710e+02;1.240000000e+02
3.327484436e+02;1.110000000e+02
3.328440857e+02;1.400000000e+02
3.329397278e+02;1.240000000e+02
3.330354004e+02;1.880000000e+02
3.331310730e+02;5.600000000e+01
3.332267456e+02;1.590000000e+02
3.333224182e+02;1.160000000e+02
3.334180908e+02;1.760000000e+02
3.335137634e+02;8.800000000e+01
3.336094666e+02;1.480000000e+02
3.337051697e+02;1.230000000e+02
3.338008728e+02;1.000000000e+02
3.338965454e+02;1.080000000e+02
3.339922485e+02;1.880000000e+02
3.340879822e+02;6.500000000e+01
3.341836853e+02;1.550000000e+02
3.342794189e+02;1.170000000e+02
3.343751221e+02;1.520000000e+02
3.344708557e+02;1.640000000e+02
3.345665894e+02;1.820000000e+02
3.346623230e+02;1.260000000e+02
3.347580872e+02;1.590000000e+02
3.348537903e+02;8.500000000e+01
3.349495544e+02;1.890000000e+02
3.350453186e+02;1.000000000e+02
3.351410828e+02;1.570000000e+02
3.352368469e+02;1.660000000e+02
3.353325806e+02;1.470000000e+02
3.354283752e+02;1.220000000e+02
3.355241394e+02;2.130000000e+02
3.356199341e+02;9.100000000e+01
3.357157288e+02;1.370000000e+02
3.358114929e+02;9.000000000e+01
3.359072876e+02;1.520000000e+02
3.360030823e+02;1.340000000e+02
3.360989075e+02;1.580000000e+02
3.361947021e+02;1.430000000e+02
3.362904968e+02;1.610000000e+02
3.363863220e+02;1.690000000e+02
3.364821472e+02;2.290000000e+02
3.365779724e+02;7.300000000e+01
3.366737976e+02;1.670000000e+02
3.367695923e+02;1.220000000e+02
3.368654480e+02;1.540000000e+02
3.369613037e+02;9.800000000e+01
3.370571594e+02;1.510000000e+02
3.371530151e+02;1.260000000e+02
3.372488403e+02;1.600000000e+02
3.373446960e+02;8.500000000e+01
3.374405518e+02;1.650000000e+02
3.375364380e+02;9.000000000e+01
3.376323242e+02;1.280000000e+02
3.377281494e+02;1.410000000e+02
3.378240356e+02;1.430000000e+02
3.379199219e+02;1.340000000e+02
3.380158386e+02;1.970000000e+02
3.381117249e+02;9.700000000e+01
3.382076111e+02;1.510000000e+02
3.383034973e+02;1.020000000e+02
3.383994141e+02;1.720000000e+02
3.384953308e+02;1.220000000e+02
3.385912476e+02;1.620000000e+02
3.386871338e+02;1.620000000e+02
3.387830811e+02;1.240000000e+02
3.388789978e+02;9.600000000e+01
3.389749451e+02;1.960000000e+02
3.390708923e+02;4.400000000e+01
3.391668091e+02;1.730000000e+02
3.392627563e+02;9.300000000e+01
3.393587036e+02;1.850000000e+02
3.394546814e+02;1.690000000e+02
3.395506287e+02;1.920000000e+02
3.396465759e+02;1.060000000e+02
3.397425232e+02;1.670000000e+02
3.398385010e+02;1.100000000e+02
3.399344788e+02;2.150000000e+02
3.400304871e+02;1.080000000e+02
3.401264343e+02;1.200000000e+02
3.402224426e+02;1.390000000e+02
3.403184204e+02;1.410000000e+02
3.404144287e+02;1.540000000e+02
3.405104370e+02;2.050000000e+02
3.406064148e+02;8.900000000e+01
3.407024231e+02;1.510000000e+02
3.407984619e+02;7.400000000e+01
3.408944702e+02;1.560000000e+02
3.409905090e+02;1.140000000e+02
3.410865173e+02;1.390000000e+02
3.411825256e+02;1.710000000e+02
3.412785645e+02;1.330000000e+02
3.413746338e+02;1.200000000e+02
3.414706726e+02;2.040000000e+02
3.415667114e+02;7.500000000e+01
3.416627502e+02;1.940000000e+02
3.417588196e+02;1.060000000e+02
3.418548889e+02;1.010000000e+02
3.419509583e+02;1.410000000e+02
3.420470276e+02;1.550000000e+02
3.421430664e+02;9.700000000e+01
3.422391663e+02;1.600000000e+02
3.423352356e+02;1.430000000e+02
3.424313354e+02;1.540000000e+02
3.425274353e+02;9.500000000e+01
3.426235046e+02;1.670000000e+02
3.427196045e+02;1.560000000e+02
3.428157043e+02;1.380000000e+02
3.429118347e+02;1.530000000e+02
3.430079346e+02;1.860000000e+02
3.431040344e+02;7.000000000e+01
3.432001648e+02;1.840000000e+02
3.432962952e+02;9.700000000e+01
3.433924255e+02;1.710000000e+02
3.434885559e+02;1.200000000e+02
3.435846558e+02;1.850000000e+02
3.436808167e+02;1.810000000e+02
3.437769775e+02;1.830000000e+02
3.438731079e+02;1.180000000e+02
3.439692688e+02;1.610000000e+02
3.440654297e+02;5.400000000e+01
3.441615906e+02;1.750000000e+02
3.442577515e+02;1.030000000e+02
3.443539429e+02;1.520000000e+02
3.444501038e+02;1.710000000e+02
3.445462952e+02;2.090000000e+02
3.446424561e+02;1.710000000e+02
3.447386475e+02;1.830000000e+02
3.448348389e+02;1.280000000e+02
3.449310608e+02;1.430000000e+02
3.450272522e+02;1.070000000e+02
3.451234436e+02;1.550000000e+02
3.452196655e+02;1.940000000e+02
3.453158875e+02;1.890000000e+02
3.454121094e+02;1.540000000e+02
3.455083313e+02;1.830000000e+02
3.456045227e+02;1.340000000e+02
3.457007751e+02;1.880000000e+02
3.457969971e+02;9.100000000e+01
3.458932495e+02;1.570000000e+02
3.459895020e+02;1.420000000e+02
3.460857239e+02;1.650000000e+02
3.461819763e+02;1.730000000e+02
3.462782288e+02;1.670000000e+02
3.463745117e+02;1.750000000e+02
3.464707642e+02;1.960000000e+02
3.465670471e+02;1.110000000e+02
3.466632996e+02;1.910000000e+02
3.467595825e+02;1.350000000e+02
3.468558655e+02;1.790000000e+02
3.469521484e+02;1.530000000e+02
3.470484619e+02;1.750000000e+02
3.471447144e+02;1.270000000e+02
3.472410278e+02;1.700000000e+02
3.473373413e+02;1.150000000e+02
3.474336548e+02;1.750000000e+02
3.475299683e+02;1.180000000e+02
3.476262512e+02;1.740000000e+02
3.477225647e+02;1.930000000e+02
3.478189087e+02;1.870000000e+02
3.479152527e+02;1.100000000e+02
3.480115662e+02;2.040000000e+02
3.481078796e+02;1.160000000e+02
3.482042236e+02;1.860000000e+02
3.483005676e+02;1.420000000e+02
3.483969421e+02;2.250000000e+02
3.484932861e+02;1.640000000e+02
3.485896606e+02;1.800000000e+02
3.486860046e+02;2.010000000e+02
3.487823792e+02;1.760000000e+02
3.488787537e+02;1.270000000e+02
3.489751282e+02;1.930000000e+02
3.490715027e+02;8.800000000e+01
3.491678467e+02;1.830000000e+02
3.492642517e+02;1.610000000e+02
3.493606567e+02;1.500000000e+02
3.494570618e+02;1.510000000e+02
3.495534668e+02;2.010000000e+02
3.496498413e+02;1.630000000e+02
3.497462463e+02;2.070000000e+02
3.498426514e+02;1.450000000e+02
3.499390869e+02;2.020000000e+02
3.500355225e+02;1.100000000e+02
3.501318970e+02;1.550000000e+02
3.502283325e+02;1.900000000e+02
3.503247681e+02;1.950000000e+02
3.504212341e+02;1.360000000e+02
3.505176697e+02;2.410000000e+02
3.506141357e+02;1.500000000e+02
3.507105408e+02;2.090000000e+02
3.508070068e+02;1.390000000e+02
3.509034729e+02;1.850000000e+02
3.509999390e+02;1.540000000e+02
3.510964050e+02;1.970000000e+02
3.511928406e+02;1.700000000e+02
3.512893372e+02;2.100000000e+02
3.513858032e+02;1.710000000e+02
3.514822998e+02;2.210000000e+02
3.515787964e+02;1.420000000e+02
3.516752625e+02;1.890000000e+02
3.517717590e+02;1.720000000e+02
3.518682556e+02;2.020000000e+02
3.519647827e+02;1.790000000e+02
3.520612793e+02;2.080000000e+02
3.521578064e+02;1.460000000e+02
3.522543030e+02;2.090000000e+02
3.523508301e+02;1.290000000e+02
3.524473572e+02;1.950000000e+02
3.525438843e+02;1.090000000e+02
3.526404419e+02;1.760000000e+02
3.527369385e+02;1.630000000e+02
3.528334961e+02;1.700000000e+02
3.529300537e+02;1.820000000e+02
3.530265808e+02;2.340000000e+02
3.531231384e+02;1.240000000e+02
3.532196960e+02;1.820000000e+02
3.533162537e+02;1.320000000e+02
3.534128113e+02;1.490000000e+02
3.535093994e+02;1.400000000e+02
3.536059875e+02;1.730000000e+02
3.537025757e+02;1.640000000e+02
3.537991333e+02;1.880000000e+02
3.538957214e+02;1.710000000e+02
3.539923096e+02;2.250000000e+02
3.540888977e+02;1.180000000e+02
3.541855164e+02;1.520000000e+02
3.542821045e+02;1.560000000e+02
3.543787231e+02;1.460000000e+02
3.544753113e+02;1.350000000e+02
3.545719604e+02;1.810000000e+02
3.546685791e+02;1.560000000e+02
3.547651978e+02;1.930000000e+02
3.548618164e+02;1.090000000e+02
3.549584351e+02;1.900000000e+02
3.550550842e+02;7.000000000e+01
3.551517334e+02;1.810000000e+02
3.552483826e+02;1.790000000e+02
3.553450012e+02;1.550000000e+02
3.554416504e+02;1.520000000e+02
3.555383301e+02;1.680000000e+02
3.556349792e+02;7.400000000e+01
3.557316589e+02;1.750000000e+02
3.558283081e+02;7.000000000e+01
3.559249878e+02;1.610000000e+02
3.560216675e+02;1.210000000e+02
3.561183472e+02;1.770000000e+02
3.562150574e+02;1.380000000e+02
3.563117371e+02;1.650000000e+02
3.564084167e+02;8.700000000e+01
3.565051270e+02;1.590000000e+02
3.566018372e+02;6.600000000e+01
3.566985474e+02;1.800000000e+02
3.567952576e+02;9.400000000e+01
3.568919373e+02;1.340000000e+02
3.569886780e+02;9.800000000e+01
3.570853882e+02;1.690000000e+02
3.571821289e+02;1.040000000e+02
3.572788696e+02;1.440000000e+02
3.573756104e+02;4.000000000e+01
3.574723206e+02;1.370000000e+02
3.575690613e+02;7.400000000e+01
3.576658325e+02;1.360000000e+02
3.577625732e+02;1.210000000e+02
3.578593445e+02;1.330000000e+02
3.579560852e+02;1.230000000e+02
3.580528564e+02;1.520000000e+02
3.581496277e+02;5.300000000e+01
3.582463989e+02;1.340000000e+02
3.583431702e+02;6.200000000e+01
3.584399719e+02;1.070000000e+02
3.585367126e+02;7.600000000e+01
3.586335144e+02;1.590000000e+02
3.587303162e+02;1.370000000e+02
3.588271179e+02;1.040000000e+02
3.589239197e+02;9.900000000e+01
3.590207214e+02;1.600000000e+02
3.591175232e+02;3.900000000e+01
3.592143555e+02;1.220000000e+02
3.593111572e+02;8.500000000e+01
3.594079895e+02;1.100000000e+02
3.595048218e+02;1.000000000e+02
3.596016235e+02;1.620000000e+02
3.596984558e+02;1.050000000e+02
3.597953186e+02;1.510000000e+02
3.598921509e+02;1.000000000e+02
3.599890137e+02;1.400000000e+02
3.600858459e+02;5.200000000e+01
3.601827087e+02;1.020000000e+02
3.602795715e+02;6.600000000e+01
3.603764343e+02;1.200000000e+02
3.604732971e+02;9.700000000e+01
3.605701599e+02;1.360000000e+02
3.606670227e+02;6.500000000e+01
3.607639160e+02;1.360000000e+02
3.608608093e+02;4.800000000e+01
3.609576721e+02;9.800000000e+01
3.610545959e+02;1.320000000e+02
3.611514587e+02;1.060000000e+02
3.612483521e+02;1.170000000e+02
3.613452759e+02;1.160000000e+02
3.614421692e+02;5.700000000e+01
3.615390930e+02;2.130000000e+02
3.616360168e+02;5.000000000e+00
3.617329102e+02;1.150000000e+02
3.618298340e+02;8.400000000e+01
3.619267578e+02;1.300000000e+02
3.620237122e+02;7.800000000e+01
3.621206360e+02;1.340000000e+02
3.622175598e+02;8.200000000e+01
3.623145142e+02;1.530000000e+02
3.624114685e+02;3.300000000e+01
3.625084229e+02;1.250000000e+02
3.626053772e+02;2.000000000e+01
3.627023621e+02;8.800000000e+01
3.627992859e+02;7.400000000e+01
3.628962708e+02;8.200000000e+01
3.629932251e+02;7.900000000e+01
3.630902100e+02;1.080000000e+02
3.631871948e+02;2.900000000e+01
3.632841797e+02;1.440000000e+02
3.633811646e+02;4.500000000e+01
3.634781494e+02;1.420000000e+02
3.635751648e+02;6.100000000e+01
3.636721497e+02;1.070000000e+02
3.637691650e+02;1.090000000e+02
3.638661499e+02;7.900000000e+01
3.639631653e+02;3.300000000e+01
3.640602112e+02;1.390000000e+02
3.641572266e+02;7.000000000e+00
3.642542419e+02;1.020000000e+02
3.643512573e+02;6.200000000e+01
3.644483032e+02;7.800000000e+01
3.645453491e+02;9.900000000e+01
3.646423950e+02;1.150000000e+02
3.647394409e+02;8.800000000e+01
3.648364868e+02;1.250000000e+02
3.649335022e+02;2.500000000e+01
3.650305786e+02;7.900000000e+01
3.651276550e+02;1.400000000e+01
3.652247009e+02;1.000000000e+02
3.653217773e+02;8.600000000e+01
3.654188538e+02;8.600000000e+01
3.655159302e+02;5.900000000e+01
3.656130066e+02;1.200000000e+02
3.657100830e+02;3.300000000e+01
3.658071899e+02;1.210000000e+02
3.659042969e+02;8.100000000e+01
3.660013733e+02;1.030000000e+02
3.660984802e+02;8.900000000e+01
3.661955872e+02;1.350000000e+02
3.662926941e+02;1.230000000e+02
3.663898010e+02;1.070000000e+02
3.664869385e+02;1.270000000e+02
3.665840149e+02;1.790000000e+02
3.666811523e+02;6.200000000e+01
3.667782898e+02;1.140000000e+02
3.668754272e+02;1.180000000e+02
3.669725647e+02;1.340000000e+02
3.670697327e+02;8.200000000e+01
3.671668396e+02;1.450000000e+02
3.672640076e+02;1.080000000e+02
3.673611450e+02;1.720000000e+02
3.674583130e+02;1.290000000e+02
3.675554810e+02;1.290000000e+02
3.676526184e+02;7.500000000e+01
3.677497864e+02;1.720000000e+02
3.678469849e+02;1.480000000e+02
3.679441528e+02;1.150000000e+02
3.680413513e+02;9.900000000e+01
3.681385498e+02;1.860000000e+02
3.682356873e+02;9.700000000e+01
3.683328857e+02;1.810000000e+02
3.684301147e+02;7.800000000e+01
3.685273132e+02;1.670000000e+02
3.686245117e+02;1.450000000e+02
3.687217407e+02;1.820000000e+02
3.688189087e+02;2.030000000e+02
3.689161377e+02;1.410000000e+02
3.690133667e+02;1.100000000e+02
3.691105957e+02;1.980000000e+02
3.692078247e+02;7.200000000e+01
3.693050537e+02;1.910000000e+02
3.694022827e+02;1.230000000e+02
3.694995422e+02;1.930000000e+02
3.695967712e+02;1.330000000e+02
3.696940308e+02;2.400000000e+02
3.697912903e+02;1.540000000e+02
3.698885193e+02;1.790000000e+02
3.699857788e+02;1.500000000e+02
3.700830688e+02;2.020000000e+02
3.701803284e+02;1.320000000e+02
3.702776184e+02;1.730000000e+02
3.703749084e+02;1.740000000e+02
3.704721375e+02;1.960000000e+02
3.705694275e+02;1.720000000e+02
3.706667480e+02;2.480000000e+02
3.707640381e+02;9.800000000e+01
3.708613281e+02;2.370000000e+02
3.709586182e+02;1.160000000e+02
3.710559082e+02;1.800000000e+02
3.711532288e+02;1.760000000e+02
3.712505493e+02;2.080000000e+02
3.713478699e+02;1.700000000e+02
3.714451904e+02;1.890000000e+02
3.715425110e+02;1.450000000e+02
3.716398315e+02;2.090000000e+02
3.717371826e+02;1.010000000e+02
3.718345032e+02;2.210000000e+02
3.719318542e+02;1.350000000e+02
3.720292053e+02;2.150000000e+02
3.721265259e+02;2.140000000e+02
3.722238770e+02;2.300000000e+02
3.723212585e+02;1.750000000e+02
3.724186096e+02;2.030000000e+02
3.725159912e+02;1.430000000e+02
3.726133423e+02;1.800000000e+02
3.727106934e+02;1.210000000e+02
3.728080750e+02;1.660000000e+02
3.729054565e+02;1.990000000e+02
3.730028687e+02;1.860000000e+02
3.731002502e+02;1.770000000e+02
3.731976013e+02;2.380000000e+02
3.732950134e+02;1.160000000e+02
3.733924255e+02;2.300000000e+02
3.734898376e+02;1.730000000e+02
3.735872498e+02;1.910000000e+02
3.736846619e+02;1.410000000e+02
3.737820435e+02;1.760000000e+02
3.738794556e+02;1.890000000e+02
3.739768982e+02;1.990000000e+02
3.740743408e+02;1.580000000e+02
3.741717529e+02;2.310000000e+02
3.742691956e+02;1.810000000e+02
3.743666077e+02;1.780000000e+02
3.744640808e+02;1.550000000e+02
3.745615234e+02;1.560000000e+02
3.746589661e+02;1.630000000e+02
3.747564392e+02;2.230000000e+02
3.748539124e+02;1.720000000e+02
3.749513245e+02;2.030000000e+02
3.750487976e+02;1.240000000e+02
3.751462708e+02;1.740000000e+02
3.752437744e+02;1.340000000e+02
3.753412476e+02;1.840000000e+02
3.754387207e+02;2.150000000e+02
3.755361938e+02;1.680000000e+02
3.756336975e+02;1.490000000e+02
3.757311707e+02;2.000000000e+02
3.758286743e+02;1.090000000e+02
3.759262085e+02;1.590000000e+02
3.760236816e+02;8.400000000e+01
3.761211853e+02;1.510000000e+02
3.762187195e+02;1.080000000e+02
3.763162231e+02;2.100000000e+02
3.764137573e+02;2.150000000e+02
3.765112915e+02;1.730000000e+02
3.766087952e+02;1.500000000e+02
3.767063293e+02;2.130000000e+02
3.768038635e+02;8.800000000e+01
3.769013977e+02;1.900000000e+02
3.769989624e+02;1.260000000e+02
3.770965271e+02;1.640000000e+02
3.771940308e+02;1.140000000e+02
3.772915955e+02;1.930000000e+02
3.773891602e+02;1.520000000e+02
3.774867249e+02;1.970000000e+02
3.775843201e+02;1.040000000e+02
3.776818848e+02;1.690000000e+02
3.777794495e+02;1.140000000e+02
3.778770142e+02;1.840000000e+02
3.779746094e+02;1.980000000e+02
3.780722046e+02;1.600000000e+02
3.781697998e+02;1.350000000e+02
3.782673950e+02;2.280000000e+02
3.783649597e+02;1.480000000e+02
3.784625854e+02;1.840000000e+02
3.785601807e+02;1.840000000e+02
3.786578064e+02;2.030000000e+02
3.787554321e+02;1.570000000e+02
3.788530579e+02;1.600000000e+02
3.789506531e+02;1.610000000e+02
3.790482788e+02;1.360000000e+02
3.791459045e+02;1.460000000e+02
3.792435608e+02;2.300000000e+02
3.793411865e+02;1.090000000e+02
3.794388428e+02;1.590000000e+02
3.795364685e+02;1.410000000e+02
3.796341248e+02;1.600000000e+02
3.797317810e+02;1.450000000e+02
3.798294373e+02;1.940000000e+02
3.799270935e+02;1.580000000e+02
3.800247803e+02;2.140000000e+02
3.801224060e+02;1.520000000e+02
3.802200928e+02;2.110000000e+02
3.803177795e+02;1.410000000e+02
3.804154663e+02;1.690000000e+02
3.805131531e+02;1.480000000e+02
3.806108398e+02;1.690000000e+02
3.807084961e+02;1.300000000e+02
3.808062134e+02;2.070000000e+02
3.809039001e+02;1.180000000e+02
3.810016174e+02;1.890000000e+02
3.810993347e+02;1.190000000e+02
3.811970215e+02;1.840000000e+02
3.812947388e+02;1.500000000e+02
3.813924561e+02;2.010000000e+02
3.814902039e+02;2.070000000e+02
3.815879211e+02;1.990000000e+02
3.816856689e+02;1.600000000e+02
3.817833557e+02;2.050000000e+02
3.818811035e+02;1.110000000e+02
3.819788513e+02;1.940000000e+02
3.820765991e+02;1.460000000e+02
3.821743469e+02;1.770000000e+02
3.822721252e+02;1.910000000e+02
3.823698425e+02;1.910000000e+02
3.824676208e+02;1.680000000e+02
3.825653992e+02;1.640000000e+02
3.826631470e+02;9.500000000e+01
3.827609253e+02;2.060000000e+02
3.828587036e+02;1.460000000e+02
3.829564819e+02;1.560000000e+02
3.830542603e+02;1.400000000e+02
3.831520691e+02;1.550000000e+02
3.832498474e+02;1.200000000e+02
3.833476562e+02;2.010000000e+02
3.834454651e+02;9.700000000e+01
3.835432434e+02;1.920000000e+02
3.836410522e+02;1.300000000e+02
3.837388611e+02;1.840000000e+02
3.838366699e+02;1.020000000e+02
3.839345093e+02;1.460000000e+02
3.840323181e+02;1.320000000e+02
3.841301270e+02;1.650000000e+02
3.842279663e+02;1.200000000e+02
3.843258057e+02;1.560000000e+02
3.844236450e+02;5.200000000e+01
3.845214844e+02;1.810000000e+02
3.846193542e+02;1.500000000e+02
3.847171631e+02;1.560000000e+02
3.848150330e+02;1.450000000e+02
3.849129028e+02;2.170000000e+02
3.850107422e+02;1.150000000e+02
3.851086121e+02;1.210000000e+02
3.852064819e+02;8.800000000e+01
3.853043518e+02;1.780000000e+02
3.854022217e+02;1.020000000e+02
3.855001221e+02;1.830000000e+02
3.855979919e+02;1.460000000e+02
3.856958923e+02;1.450000000e+02
3.857937927e+02;1.170000000e+02
3.858916626e+02;1.920000000e+02
3.859895630e+02;9.400000000e+01
3.860874634e+02;1.680000000e+02
3.861853638e+02;1.030000000e+02
3.862832947e+02;1.430000000e+02
3.863811951e+02;7.700000000e+01
3.864790955e+02;1.400000000e+02
3.865770264e+02;1.490000000e+02
3.866749573e+02;1.460000000e+02
3.867728882e+02;7.900000000e+01
3.868708191e+02;1.620000000e+02
3.869687805e+02;5.600000000e+01
3.870667114e+02;1.180000000e+02
3.871646423e+02;3.700000000e+01
3.872626038e+02;1.020000000e+02
3.873605347e+02;1.120000000e+02
3.874584961e+02;1.490000000e+02
3.875564575e+02;1.120000000e+02
3.876544495e+02;1.110000000e+02
3.877523804e+02;6.800000000e+01
3.878503418e+02;1.610000000e+02
3.879483337e+02;4.700000000e+01
3.880463257e+02;1.250000000e+02
3.881443176e+02;1.350000000e+02
3.882423096e+02;1.170000000e+02
3.883402710e+02;9.800000000e+01
3.884382629e+02;1.540000000e+02
3.885362549e+02;8.200000000e+01
3.886342773e+02;1.420000000e+02
3.887322693e+02;9.800000000e+01
3.888302917e+02;1.400000000e+02
3.889282837e+02;8.900000000e+01
3.890263062e+02;1.440000000e+02
3.891243286e+02;1.610000000e+02
3.892223511e+02;1.690000000e+02
3.893203735e+02;1.090000000e+02
3.894184265e+02;1.740000000e+02
3.895164185e+02;5.200000000e+01
3.896144714e+02;1.430000000e+02
3.897125244e+02;8.300000000e+01
3.898105774e+02;9.900000000e+01
3.899086304e+02;1.210000000e+02
3.900066833e+02;1.200000000e+02
3.901047058e+02;1.270000000e+02
3.902027893e+02;1.420000000e+02
3.903008423e+02;9.000000000e+01
3.903989258e+02;1.070000000e+02
3.904970093e+02;4.000000000e+01
3.905950928e+02;1.220000000e+02
3.906931458e+02;1.250000000e+02
3.907912292e+02;1.170000000e+02
3.908893127e+02;9.100000000e+01
3.909873962e+02;1.880000000e+02
3.910855103e+02;7.600000000e+01
3.911836243e+02;1.500000000e+02
3.912816772e+02;9.900000000e+01
3.913797913e+02;1.540000000e+02
3.914779053e+02;1.250000000e+02
3.915760498e+02;1.370000000e+02
3.916741638e+02;1.080000000e+02
3.917722778e+02;1.470000000e+02
3.918703918e+02;1.040000000e+02
3.919685059e+02;1.830000000e+02
3.920666504e+02;4.700000000e+01
3.921647949e+02;1.880000000e+02
3.922629395e+02;1.190000000e+02
3.923610840e+02;1.770000000e+02
3.924592285e+02;1.070000000e+02
3.925573730e+02;1.870000000e+02
3.926555176e+02;1.640000000e+02
3.927536926e+02;1.980000000e+02
3.928518677e+02;1.190000000e+02
3.929500122e+02;2.070000000e+02
3.930481873e+02;8.700000000e+01
3.931463318e+02;1.850000000e+02
3.932445374e+02;1.450000000e+02
3.933427124e+02;1.830000000e+02
3.934409180e+02;1.380000000e+02
3.935390930e+02;2.380000000e+02
3.936372986e+02;9.800000000e+01
3.937354736e+02;2.100000000e+02
3.938336792e+02;1.630000000e+02
3.939318848e+02;1.800000000e+02
3.940300903e+02;1.760000000e+02
3.941282959e+02;1.680000000e+02
3.942265320e+02;1.640000000e+02
3.943247070e+02;1.750000000e+02
3.944229431e+02;1.440000000e+02
3.945211792e+02;1.920000000e+02
3.946194153e+02;1.520000000e+02
3.947176514e+02;2.160000000e+02
3.948158875e+02;1.460000000e+02
3.949140930e+02;1.600000000e+02
3.950123596e+02;1.840000000e+02
3.951105957e+02;2.010000000e+02
3.952088623e+02;1.490000000e+02
3.953071289e+02;1.840000000e+02
3.954053650e+02;1.610000000e+02
3.955036316e+02;2.090000000e+02
3.956018982e+02;1.620000000e+02
3.957001648e+02;1.990000000e+02
3.957984314e+02;2.170000000e+02
3.958967285e+02;1.870000000e+02
3.959949951e+02;1.420000000e+02
3.960932922e+02;2.200000000e+02
3.961915588e+02;1.580000000e+02
3.962898560e+02;2.100000000e+02
3.963881531e+02;1.270000000e+02
3.964864502e+02;1.970000000e+02
3.965847778e+02;1.370000000e+02
3.966830750e+02;1.720000000e+02
3.967813721e+02;2.050000000e+02
3.968796692e+02;2.020000000e+02
3.969779968e+02;1.830000000e+02
3.970763245e+02;2.540000000e+02
3.971746521e+02;1.530000000e+02
3.972730103e+02;2.340000000e+02
3.973713379e+02;1.610000000e+02
3.974696350e+02;1.700000000e+02
3.975679932e+02;1.840000000e+02
3.976663513e+02;2.070000000e+02
3.977646790e+02;1.730000000e+02
3.978630371e+02;2.020000000e+02
3.979613953e+02;1.410000000e+02
3.980597229e+02;2.280000000e+02
3.981581116e+02;8.600000000e+01
3.982564697e+02;2.150000000e+02
3.983548584e+02;2.080000000e+02
3.984532166e+02;2.110000000e+02
3.985516052e+02;2.080000000e+02
3.986499634e+02;2.330000000e+02
3.987483521e+02;1.060000000e+02
3.988467407e+02;2.320000000e+02
3.989451294e+02;1.070000000e+02
3.990435486e+02;1.800000000e+02
3.991419373e+02;1.790000000e+02
3.992403259e+02;2.090000000e+02
3.993387146e+02;1.930000000e+02
3.994371338e+02;1.870000000e+02
3.995355530e+02;1.280000000e+02
3.996339722e+02;1.830000000e+02
3.997324219e+02;8.600000000e+01
3.998308411e+02;2.300000000e+02
3.999292297e+02;1.460000000e+02
4.000276794e+02;2.090000000e+02
4.001261292e+02;1.620000000e+02
4.002245483e+02;1.840000000e+02
4.003229980e+02;1.120000000e+02
4.004214478e+02;1.800000000e+02
4.005198669e+02;1.270000000e+02
4.006183472e+02;2.130000000e+02
4.007167969e+02;1.120000000e+02
4.008152771e+02;1.640000000e+02
4.009137268e+02;1.930000000e+02
4.010122070e+02;1.630000000e+02
4.011106567e+02;1.500000000e+02
4.012091370e+02;1.800000000e+02
4.013076172e+02;1.040000000e+02
4.014060974e+02;1.740000000e+02
4.015046082e+02;9.500000000e+01
4.016030884e+02;1.560000000e+02
4.017015991e+02;1.680000000e+02
4.018000488e+02;1.570000000e+02
4.018985596e+02;1.440000000e+02
4.019970703e+02;1.510000000e+02
4.020955811e+02;1.410000000e+02
4.021940918e+02;1.570000000e+02
4.022926331e+02;9.400000000e+01
4.023911133e+02;1.800000000e+02
4.024896545e+02;1.430000000e+02
4.025881653e+02;1.750000000e+02
4.026867065e+02;1.310000000e+02
4.027852478e+02;1.720000000e+02
4.028837891e+02;1.440000000e+02
4.029823303e+02;1.750000000e+02
4.030808411e+02;1.060000000e+02
4.031794128e+02;1.430000000e+02
4.032779541e+02;8.800000000e+01
4.033765259e+02;1.800000000e+02
4.034750977e+02;1.550000000e+02
4.035736389e+02;1.450000000e+02
4.036721802e+02;1.230000000e+02
4.037707520e+02;1.960000000e+02
4.038693542e+02;8.400000000e+01
4.039679260e+02;1.870000000e+02
4.040664978e+02;1.270000000e+02
4.041651001e+02;1.550000000e+02
4.042637024e+02;8.900000000e+01
4.043622437e+02;1.400000000e+02
4.044608459e+02;1.710000000e+02
4.045594482e+02;1.830000000e+02
4.046580505e+02;1.260000000e+02
4.047566833e+02;2.060000000e+02
4.048552856e+02;1.160000000e+02
4.049538879e+02;1.700000000e+02
4.050524902e+02;1.740000000e+02
4.051511230e+02;1.720000000e+02
4.052497559e+02;1.530000000e+02
4.053483887e+02;1.890000000e+02
4.054470215e+02;1.760000000e+02
4.055456238e+02;1.840000000e+02
4.056442566e+02;1.370000000e+02
4.057429199e+02;1.990000000e+02
4.058415527e+02;1.030000000e+02
4.059402161e+02;1.770000000e+02
4.060388794e+02;1.490000000e+02
4.061375427e+02;1.950000000e+02
4.062361755e+02;1.540000000e+02
4.063348389e+02;2.020000000e+02
4.064335022e+02;1.550000000e+02
4.065321960e+02;1.980000000e+02
4.066308594e+02;1.220000000e+02
4.067295532e+02;1.850000000e+02
4.068281860e+02;1.450000000e+02
4.069268799e+02;2.340000000e+02
4.070255737e+02;2.450000000e+02
4.071242676e+02;2.080000000e+02
4.072229919e+02;1.670000000e+02
4.073216858e+02;2.660000000e+02
4.074203796e+02;1.370000000e+02
4.075190735e+02;1.940000000e+02
4.076177673e+02;1.450000000e+02
4.077164917e+02;2.430000000e+02
4.078152161e+02;1.920000000e+02
4.079139404e+02;2.100000000e+02
4.080126648e+02;1.960000000e+02
4.081113892e+02;2.260000000e+02
4.082101135e+02;1.820000000e+02
4.083088379e+02;2.120000000e+02
4.084075928e+02;1.560000000e+02
4.085063477e+02;1.800000000e+02
4.086051025e+02;1.760000000e+02
4.087038574e+02;2.050000000e+02
4.088025818e+02;1.610000000e+02
4.089013367e+02;2.200000000e+02
4.090000916e+02;1.600000000e+02
4.090988770e+02;2.360000000e+02
4.091976318e+02;1.500000000e+02
4.092964172e+02;2.060000000e+02
4.093951416e+02;1.730000000e+02
4.094939270e+02;2.160000000e+02
4.095927124e+02;2.570000000e+02
4.096914978e+02;2.010000000e+02
4.097903137e+02;1.490000000e+02
4.098890991e+02;2.110000000e+02
4.099879150e+02;1.400000000e+02
4.100866699e+02;2.190000000e+02
4.101854858e+02;1.630000000e+02
4.102843018e+02;2.030000000e+02
4.103831177e+02;1.940000000e+02
4.104819336e+02;2.240000000e+02
4.105807495e+02;1.780000000e+02
4.106795654e+02;1.990000000e+02
4.107783508e+02;1.750000000e+02
4.108771973e+02;1.810000000e+02
4.109760437e+02;1.200000000e+02
4.110748596e+02;2.400000000e+02
4.111737061e+02;2.190000000e+02
4.112725525e+02;1.980000000e+02
4.113713684e+02;2.190000000e+02
4.114702148e+02;2.600000000e+02
4.115690918e+02;1.250000000e+02
4.116679382e+02;2.380000000e+02
4.117668152e+02;1.410000000e+02
4.118656616e+02;2.150000000e+02
4.119645386e+02;1.850000000e+02
4.120633850e+02;2.110000000e+02
4.121622620e+02;1.930000000e+02
4.122611389e+02;1.710000000e+02
4.123600159e+02;1.750000000e+02
4.124589233e+02;2.180000000e+02
4.125578003e+02;1.150000000e+02
4.126566772e+02;2.030000000e+02
4.127555847e+02;1.660000000e+02
4.128544617e+02;2.340000000e+02
4.129533691e+02;1.720000000e+02
4.130522766e+02;2.110000000e+02
4.131511841e+02;1.460000000e+02
4.132501221e+02;1.720000000e+02
4.133489990e+02;1.370000000e+02
4.134479370e+02;2.050000000e+02
4.135468445e+02;1.350000000e+02
4.136457825e+02;2.090000000e+02
4.137447205e+02;1.440000000e+02
4.138436584e+02;1.670000000e+02
4.139425964e+02;1.460000000e+02
4.140415039e+02;2.140000000e+02
4.141404419e+02;8.600000000e+01
4.142394104e+02;1.960000000e+02
4.143383484e+02;1.460000000e+02
4.144373169e+02;1.480000000e+02
4.145362854e+02;8.000000000e+01
4.146352234e+02;1.800000000e+02
4.147341919e+02;1.400000000e+02
4.148331604e+02;1.600000000e+02
4.149321289e+02;1.290000000e+02
4.150310974e+02;1.760000000e+02
4.151300964e+02;5.200000000e+01
4.152290649e+02;1.800000000e+02
4.153280334e+02;1.450000000e+02
4.154270325e+02;1.590000000e+02
4.155260315e+02;1.720000000e+02
4.156250305e+02;1.560000000e+02
4.157240295e+02;1.480000000e+02
4.158230286e+02;1.620000000e+02
4.159220581e+02;8.600000000e+01
4.160210266e+02;1.560000000e+02
4.161200562e+02;1.200000000e+02
4.162190552e+02;1.530000000e+02
4.163180847e+02;1.520000000e+02
4.164171143e+02;1.730000000e+02
4.165161438e+02;1.280000000e+02
4.166151428e+02;1.890000000e+02
4.167142029e+02;7.000000000e+01
4.168132324e+02;1.650000000e+02
4.169122925e+02;9.000000000e+01
4.170113220e+02;1.330000000e+02
4.171103821e+02;1.340000000e+02
4.172094421e+02;1.530000000e+02
4.173084717e+02;1.500000000e+02
4.174075317e+02;1.640000000e+02
4.175065918e+02;1.220000000e+02
4.176056519e+02;1.930000000e+02
4.177047424e+02;7.500000000e+01
4.178038025e+02;1.840000000e+02
4.179028931e+02;9.700000000e+01
4.180019531e+02;1.200000000e+02
4.181010437e+02;1.310000000e+02
4.182001038e+02;2.100000000e+02
4.182992249e+02;1.450000000e+02
4.183983154e+02;1.500000000e+02
4.184974060e+02;1.130000000e+02
4.185964966e+02;2.060000000e+02
4.186955872e+02;1.080000000e+02
4.187947083e+02;1.500000000e+02
4.188938293e+02;1.720000000e+02
4.189929199e+02;1.510000000e+02
4.190920410e+02;1.400000000e+02
4.191911926e+02;1.930000000e+02
4.192902832e+02;1.250000000e+02
4.193894043e+02;1.930000000e+02
4.194885559e+02;1.230000000e+02
4.195876770e+02;1.880000000e+02
4.196868286e+02;1.510000000e+02
4.197859802e+02;2.180000000e+02
4.198851318e+02;1.910000000e+02
4.199842529e+02;1.540000000e+02
4.200834045e+02;1.440000000e+02
4.201825562e+02;2.270000000e+02
4.202817078e+02;9.700000000e+01
4.203808899e+02;1.740000000e+02
4.204800415e+02;1.800000000e+02
4.205792236e+02;2.130000000e+02
4.206783752e+02;1.590000000e+02
4.207775574e+02;2.540000000e+02
4.208767395e+02;1.800000000e+02
4.209759216e+02;2.010000000e+02
4.210751038e+02;1.430000000e+02
4.211742859e+02;2.270000000e+02
4.212734985e+02;1.320000000e+02
4.213726807e+02;2.040000000e+02
4.214718628e+02;2.110000000e+02
4.215710754e+02;2.270000000e+02
4.216702881e+02;1.940000000e+02
4.217695007e+02;2.370000000e+02
4.218687134e+02;1.850000000e+02
4.219678955e+02;2.260000000e+02
4.220671387e+02;1.620000000e+02
4.221663513e+02;1.970000000e+02
4.222655945e+02;1.750000000e+02
4.223648376e+02;1.900000000e+02
4.224640503e+02;2.440000000e+02
4.225632935e+02;2.400000000e+02
4.226625061e+02;1.700000000e+02
4.227617798e+02;2.700000000e+02
4.228610229e+02;1.490000000e+02
4.229602661e+02;2.370000000e+02
4.230595398e+02;1.880000000e+02
4.231587830e+02;2.130000000e+02
4.232580566e+02;1.840000000e+02
4.233572998e+02;2.910000000e+02
4.234565735e+02;1.950000000e+02
4.235558472e+02;2.240000000e+02
4.236551208e+02;1.750000000e+02
4.237543945e+02;2.360000000e+02
4.238536987e+02;1.750000000e+02
4.239529724e+02;2.190000000e+02
4.240522461e+02;2.040000000e+02
4.241515198e+02;2.540000000e+02
4.242508240e+02;2.410000000e+02
4.243501282e+02;2.700000000e+02
4.244494324e+02;1.710000000e+02
4.245487366e+02;2.480000000e+02
4.246480713e+02;1.680000000e+02
4.247473450e+02;2.190000000e+02
4.248466797e+02;1.570000000e+02
4.249459839e+02;2.350000000e+02
4.250453186e+02;2.360000000e+02
4.251446533e+02;2.520000000e+02
4.252439880e+02;2.620000000e+02
4.253433228e+02;2.660000000e+02
4.254426270e+02;1.540000000e+02
4.255419617e+02;2.450000000e+02
4.256413269e+02;2.040000000e+02
4.257406616e+02;2.290000000e+02
4.258400269e+02;1.930000000e+02
4.259393616e+02;2.160000000e+02
4.260387268e+02;1.820000000e+02
4.261380615e+02;2.690000000e+02
4.262374268e+02;1.590000000e+02
4.263367920e+02;2.900000000e+02
4.264361877e+02;2.090000000e+02
4.265355530e+02;2.680000000e+02
4.266349182e+02;2.990000000e+02
4.267343140e+02;2.430000000e+02
4.268336792e+02;2.330000000e+02
4.269330750e+02;3.030000000e+02
4.270324402e+02;1.880000000e+02
4.271318665e+02;2.500000000e+02
4.272312622e+02;1.870000000e+02
4.273306580e+02;2.660000000e+02
4.274300232e+02;2.100000000e+02
4.275294495e+02;2.840000000e+02
4.276288452e+02;2.690000000e+02
4.277282715e+02;2.590000000e+02
4.278276978e+02;2.530000000e+02
4.279271240e+02;2.600000000e+02
4.280265503e+02;2.410000000e+02
4.281259460e+02;3.100000000e+02
4.282253723e+02;2.740000000e+02
4.283248291e+02;2.870000000e+02
4.284242554e+02;2.690000000e+02
4.285237122e+02;2.870000000e+02
4.286231384e+02;2.850000000e+02
4.287225952e+02;3.490000000e+02
4.288220215e+02;2.340000000e+02
4.289214783e+02;3.270000000e+02
4.290209351e+02;1.980000000e+02
4.291203918e+02;3.140000000e+02
4.292198792e+02;3.070000000e+02
4.293193359e+02;3.280000000e+02
4.294188232e+02;2.660000000e+02
4.295182495e+02;3.480000000e+02
4.296177368e+02;2.530000000e+02
4.297172241e+02;3.220000000e+02
4.298167114e+02;2.490000000e+02
4.299161987e+02;3.240000000e+02
4.300156860e+02;3.290000000e+02
4.301152039e+02;3.630000000e+02
4.302146606e+02;3.640000000e+02
4.303141785e+02;3.110000000e+02
4.304136658e+02;2.840000000e+02
4.305131836e+02;4.100000000e+02
4.306127014e+02;3.300000000e+02
4.307122192e+02;4.050000000e+02
4.308117371e+02;3.420000000e+02
4.309112244e+02;3.640000000e+02
4.310107727e+02;4.050000000e+02
4.311102905e+02;3.840000000e+02
4.312098083e+02;3.420000000e+02
4.313093567e+02;3.920000000e+02
4.314089050e+02;3.200000000e+02
4.315084534e+02;4.270000000e+02
4.316079712e+02;3.410000000e+02
4.317075195e+02;3.840000000e+02
4.318070679e+02;4.040000000e+02
4.319066162e+02;4.200000000e+02
4.320061951e+02;3.950000000e+02
4.321057434e+02;4.940000000e+02
4.322053223e+02;3.490000000e+02
4.323048401e+02;5.010000000e+02
4.324044189e+02;3.530000000e+02
4.325039978e+02;4.550000000e+02
4.326035767e+02;3.810000000e+02
4.327031555e+02;4.420000000e+02
4.328027649e+02;4.190000000e+02
4.329023438e+02;4.180000000e+02
4.330019226e+02;4.550000000e+02
4.331015015e+02;5.780000000e+02
4.332011108e+02;4.080000000e+02
4.333006897e+02;4.260000000e+02
4.334002991e+02;4.730000000e+02
4.334999084e+02;4.940000000e+02
4.335995483e+02;4.650000000e+02
4.336991577e+02;5.280000000e+02
4.337987366e+02;4.810000000e+02
4.338983765e+02;5.300000000e+02
4.339979858e+02;5.040000000e+02
4.340976257e+02;5.150000000e+02
4.341972656e+02;4.490000000e+02
4.342968750e+02;5.070000000e+02
4.343965149e+02;5.080000000e+02
4.344961243e+02;5.450000000e+02
4.345957947e+02;5.460000000e+02
4.346954346e+02;5.660000000e+02
4.347950745e+02;4.470000000e+02
4.348947449e+02;5.600000000e+02
4.349944153e+02;5.220000000e+02
4.350940552e+02;5.610000000e+02
4.351936951e+02;5.450000000e+02
4.352933655e+02;5.980000000e+02
4.353930359e+02;6.280000000e+02
4.354927063e+02;5.970000000e+02
4.355924072e+02;5.910000000e+02
4.356920776e+02;6.470000000e+02
4.357917480e+02;4.920000000e+02
4.358914185e+02;6.210000000e+02
4.359911194e+02;5.540000000e+02
4.360908203e+02;6.180000000e+02
4.361905212e+02;5.900000000e+02
4.362902222e+02;6.760000000e+02
4.363899231e+02;6.150000000e+02
4.364896240e+02;6.370000000e+02
4.365892944e+02;5.720000000e+02
4.366890259e+02;7.130000000e+02
4.367887268e+02;6.290000000e+02
4.368884583e+02;6.750000000e+02
4.369881897e+02;6.910000000e+02
4.370879211e+02;5.920000000e+02
4.371876526e+02;6.860000000e+02
4.372873535e+02;7.830000000e+02
4.373870850e+02;6.190000000e+02
4.374868164e+02;7.670000000e+02
4.375865784e+02;6.370000000e+02
4.376863098e+02;6.810000000e+02
4.377860718e+02;6.500000000e+02
4.378858032e+02;7.660000000e+02
4.379855347e+02;7.670000000e+02
4.380852966e+02;8.060000000e+02
4.381850586e+02;7.220000000e+02
4.382848206e+02;8.320000000e+02
4.383846130e+02;7.800000000e+02
4.384843750e+02;8.150000000e+02
4.385841675e+02;7.450000000e+02
4.386839294e+02;7.530000000e+02
4.387836914e+02;7.760000000e+02
4.388834839e+02;8.330000000e+02
4.389832458e+02;8.070000000e+02
4.390830383e+02;8.390000000e+02
4.391828613e+02;8.030000000e+02
4.392826538e+02;9.370000000e+02
4.393824463e+02;7.990000000e+02
4.394822388e+02;8.710000000e+02
4.395820312e+02;9.380000000e+02
4.396818542e+02;8.180000000e+02
4.397816467e+02;8.550000000e+02
4.398814697e+02;9.220000000e+02
4.399812927e+02;8.220000000e+02
4.400811157e+02;9.890000000e+02
4.401809387e+02;8.560000000e+02
4.402807617e+02;9.470000000e+02
4.403805847e+02;9.160000000e+02
4.404804382e+02;9.920000000e+02
4.405802612e+02;9.500000000e+02
4.406801147e+02;9.890000000e+02
4.407799683e+02;9.350000000e+02
4.408797913e+02;1.001000000e+03
4.409796448e+02;9.370000000e+02
4.410794983e+02;9.930000000e+02
4.411793518e+02;1.039000000e+03
4.412792053e+02;1.058000000e+03
4.413790894e+02;1.063000000e+03
4.414789429e+02;1.035000000e+03
4.415787964e+02;9.580000000e+02
4.416786804e+02;1.091000000e+03
4.417785645e+02;9.730000000e+02
4.418784485e+02;1.186000000e+03
4.419783325e+02;1.099000000e+03
4.420782166e+02;1.064000000e+03
4.421781006e+02;1.143000000e+03
4.422779846e+02;1.107000000e+03
4.423778687e+02;1.105000000e+03
4.424777527e+02;1.250000000e+03
4.425776672e+02;1.161000000e+03
4.426775818e+02;1.158000000e+03
4.427774963e+02;1.150000000e+03
4.428774109e+02;1.294000000e+03
4.429773254e+02;1.249000000e+03
4.430772095e+02;1.287000000e+03
4.431771545e+02;1.296000000e+03
4.432770691e+02;1.281000000e+03
4.433769836e+02;1.233000000e+03
4.434769287e+02;1.338000000e+03
4.435768738e+02;1.331000000e+03
4.436768188e+02;1.361000000e+03
4.437767334e+02;1.311000000e+03
4.438766785e+02;1.367000000e+03
4.439766235e+02;1.293000000e+03
4.440765686e+02;1.502000000e+03
4.441765137e+02;1.387000000e+03
4.442764893e+02;1.431000000e+03
4.443764648e+02;1.343000000e+03
4.444764099e+02;1.435000000e+03
4.445763550e+02;1.348000000e+03
4.446763306e+02;1.507000000e+03
4.447763062e+02;1.507000000e+03
4.448762817e+02;1.494000000e+03
4.449762573e+02;1.546000000e+03
4.450762329e+02;1.545000000e+03
4.451762390e+02;1.539000000e+03
4.452761841e+02;1.627000000e+03
4.453761902e+02;1.616000000e+03
4.454761963e+02;1.641000000e+03
4.455762024e+02;1.547000000e+03
4.456761780e+02;1.599000000e+03
4.457761841e+02;1.667000000e+03
4.458762207e+02;1.737000000e+03
4.459761963e+02;1.662000000e+03
4.460762024e+02;1.827000000e+03
4.461762390e+02;1.747000000e+03
4.462762451e+02;1.854000000e+03
4.463762817e+02;1.831000000e+03
4.464763184e+02;1.825000000e+03
4.465763245e+02;1.779000000e+03
4.466763611e+02;1.923000000e+03
4.467763672e+02;1.853000000e+03
4.468764343e+02;1.863000000e+03
4.469764709e+02;1.855000000e+03
4.470765076e+02;1.970000000e+03
4.471765747e+02;1.863000000e+03
4.472766113e+02;1.947000000e+03
4.473766785e+02;2.007000000e+03
4.474767151e+02;2.118000000e+03
4.475767822e+02;2.077000000e+03
4.476768494e+02;2.219000000e+03
4.477769165e+02;2.018000000e+03
4.478769836e+02;2.162000000e+03
4.479770508e+02;2.145000000e+03
4.480771484e+02;2.234000000e+03
4.481772156e+02;2.150000000e+03
4.482772827e+02;2.277000000e+03
4.483773499e+02;2.208000000e+03
4.484774475e+02;2.291000000e+03
4.485775452e+02;2.297000000e+03
4.486776428e+02;2.368000000e+03
4.487777405e+02;2.362000000e+03
4.488778687e+02;2.537000000e+03
4.489779358e+02;2.426000000e+03
4.490780334e+02;2.498000000e+03
4.491781616e+02;2.481000000e+03
4.492782898e+02;2.572000000e+03
4.493783875e+02;2.526000000e+03
4.494785156e+02;2.545000000e+03
4.495786438e+02;2.541000000e+03
4.496787415e+02;2.694000000e+03
4.497788696e+02;2.681000000e+03
4.498789978e+02;2.677000000e+03
4.499791565e+02;2.779000000e+03
4.500792847e+02;2.839000000e+03
4.501794434e+02;2.729000000e+03
4.502796021e+02;2.902000000e+03
4.503797302e+02;2.714000000e+03
4.504798584e+02;2.883000000e+03
4.505800171e+02;2.751000000e+03
4.506801758e+02;2.927000000e+03
4.507803345e+02;2.893000000e+03
4.508805237e+02;2.936000000e+03
4.509806824e+02;2.991000000e+03
4.510808411e+02;3.087000000e+03
4.511809998e+02;3.043000000e+03
4.512811890e+02;3.082000000e+03
4.513813477e+02;3.125000000e+03
4.514815369e+02;3.190000000e+03
4.515817261e+02;3.115000000e+03
4.516819153e+02;3.227000000e+03
4.517821350e+02;3.209000000e+03
4.518823242e+02;3.362000000e+03
4.519824829e+02;3.293000000e+03
4.520827026e+02;3.307000000e+03
4.521828918e+02;3.267000000e+03
4.522831116e+02;3.407000000e+03
4.523833313e+02;3.429000000e+03
4.524835510e+02;3.427000000e+03
4.525837708e+02;3.527000000e+03
4.526839600e+02;3.531000000e+03
4.527841797e+02;3.506000000e+03
4.528843994e+02;3.734000000e+03
4.529846497e+02;3.603000000e+03
4.530848694e+02;3.570000000e+03
4.531851196e+02;3.646000000e+03
4.532853699e+02;3.597000000e+03
4.533855896e+02;3.729000000e+03
4.534858093e+02;3.762000000e+03
4.535860596e+02;3.797000000e+03
4.536863098e+02;3.805000000e+03
4.537865906e+02;3.847000000e+03
4.538868408e+02;3.779000000e+03
4.539870911e+02;3.700000000e+03
4.540873718e+02;3.891000000e+03
4.541875916e+02;3.839000000e+03
4.542878723e+02;3.902000000e+03
4.543881531e+02;3.826000000e+03
4.544884338e+02;3.969000000e+03
4.545887146e+02;3.794000000e+03
4.546889954e+02;3.894000000e+03
4.547892761e+02;3.893000000e+03
4.548895874e+02;3.924000000e+03
4.549898376e+02;3.910000000e+03
4.550901489e+02;3.921000000e+03
4.551904297e+02;4.092000000e+03
4.552907410e+02;4.003000000e+03
4.553910522e+02;3.888000000e+03
4.554913635e+02;4.164000000e+03
4.555916748e+02;4.106000000e+03
4.556919861e+02;4.021000000e+03
4.557922668e+02;3.962000000e+03
4.558925781e+02;4.048000000e+03
4.559929199e+02;4.068000000e+03
4.560932312e+02;4.064000000e+03
4.561935730e+02;4.222000000e+03
4.562939148e+02;4.100000000e+03
4.563942261e+02;4.084000000e+03
4.564945374e+02;4.249000000e+03
4.565948792e+02;3.960000000e+03
4.566952209e+02;4.128000000e+03
4.567955933e+02;4.032000000e+03
4.568959351e+02;4.201000000e+03
4.569962769e+02;4.098000000e+03
4.570966492e+02;4.185000000e+03
4.571970215e+02;4.096000000e+03
4.572973328e+02;4.088000000e+03
4.573977051e+02;4.078000000e+03
4.574980774e+02;4.113000000e+03
4.575984497e+02;4.082000000e+03
4.576988220e+02;4.081000000e+03
4.577991943e+02;4.097000000e+03
4.578995972e+02;3.953000000e+03
4.579999390e+02;3.970000000e+03
4.581003418e+02;4.028000000e+03
4.582007141e+02;3.875000000e+03
4.583011169e+02;3.879000000e+03
4.584015198e+02;3.835000000e+03
4.585019226e+02;3.884000000e+03
4.586023254e+02;3.968000000e+03
4.587027283e+02;3.858000000e+03
4.588031006e+02;3.883000000e+03
4.589035034e+02;3.935000000e+03
4.590039368e+02;3.880000000e+03
4.591043396e+02;3.784000000e+03
4.592047729e+02;3.672000000e+03
4.593052063e+02;3.735000000e+03
4.594056091e+02;3.570000000e+03
4.595060425e+02;3.701000000e+03
4.596064453e+02;3.661000000e+03
4.597068787e+02;3.781000000e+03
4.598073425e+02;3.686000000e+03
4.599077759e+02;3.656000000e+03
4.600082092e+02;3.491000000e+03
4.601086731e+02;3.635000000e+03
4.602091064e+02;3.618000000e+03
4.603095398e+02;3.633000000e+03
4.604100037e+02;3.505000000e+03
4.605104675e+02;3.519000000e+03
4.606109314e+02;3.470000000e+03
4.607113953e+02;3.561000000e+03
4.608118591e+02;3.491000000e+03
4.609123230e+02;3.534000000e+03
4.610128174e+02;3.254000000e+03
4.611132507e+02;3.396000000e+03
4.612137451e+02;3.295000000e+03
4.613142395e+02;3.378000000e+03
4.614147034e+02;3.280000000e+03
4.615151978e+02;3.216000000e+03
4.616156921e+02;3.257000000e+03
4.617161865e+02;3.379000000e+03
4.618166809e+02;3.156000000e+03
4.619171753e+02;3.160000000e+03
4.620176697e+02;3.089000000e+03
4.621181641e+02;3.082000000e+03
4.622186890e+02;3.122000000e+03
4.623192139e+02;3.068000000e+03
4.624197083e+02;2.941000000e+03
4.625202332e+02;3.050000000e+03
4.626207581e+02;2.964000000e+03
4.627212524e+02;3.104000000e+03
4.628217773e+02;2.904000000e+03
4.629223328e+02;2.830000000e+03
4.630228577e+02;2.832000000e+03
4.631234131e+02;2.833000000e+03
4.632239380e+02;2.844000000e+03
4.633244934e+02;2.832000000e+03
4.634249878e+02;2.680000000e+03
4.635255432e+02;2.797000000e+03
4.636260986e+02;2.627000000e+03
4.637266541e+02;2.744000000e+03
4.638272095e+02;2.668000000e+03
4.639277954e+02;2.668000000e+03
4.640283508e+02;2.615000000e+03
4.641289062e+02;2.606000000e+03
4.642294617e+02;2.472000000e+03
4.643300171e+02;2.692000000e+03
4.644306030e+02;2.505000000e+03
4.645311890e+02;2.526000000e+03
4.646317749e+02;2.473000000e+03
4.647323608e+02;2.460000000e+03
4.648329468e+02;2.561000000e+03
4.649335327e+02;2.547000000e+03
4.650340881e+02;2.461000000e+03
4.651347046e+02;2.506000000e+03
4.652352905e+02;2.324000000e+03
4.653359070e+02;2.426000000e+03
4.654365234e+02;2.375000000e+03
4.655371094e+02;2.411000000e+03
4.656377258e+02;2.368000000e+03
4.657383423e+02;2.428000000e+03
4.658389282e+02;2.396000000e+03
4.659395447e+02;2.375000000e+03
4.660401917e+02;2.226000000e+03
4.661408081e+02;2.320000000e+03
4.662414551e+02;2.244000000e+03
4.663420715e+02;2.249000000e+03
4.664427185e+02;2.167000000e+03
4.665433044e+02;2.204000000e+03
4.666439514e+02;2.168000000e+03
4.667445984e+02;2.160000000e+03
4.668452454e+02;2.087000000e+03
4.669458923e+02;2.230000000e+03
4.670465698e+02;2.153000000e+03
4.671472168e+02;2.133000000e+03
4.672478638e+02;2.113000000e+03
4.673485107e+02;2.215000000e+03
4.674491882e+02;2.073000000e+03
4.675498352e+02;2.171000000e+03
4.676505127e+02;2.070000000e+03
4.677511902e+02;2.142000000e+03
4.678518677e+02;2.062000000e+03
4.679525452e+02;2.022000000e+03
4.680532227e+02;2.086000000e+03
4.681538696e+02;2.113000000e+03
4.682545776e+02;2.025000000e+03
4.683552551e+02;1.985000000e+03
4.684559631e+02;2.025000000e+03
4.685566711e+02;2.088000000e+03
4.686573486e+02;1.930000000e+03
4.687580566e+02;2.050000000e+03
4.688587646e+02;1.966000000e+03
4.689594421e+02;1.978000000e+03
4.690601501e+02;1.949000000e+03
4.691608887e+02;1.989000000e+03
4.692615967e+02;2.017000000e+03
4.693623047e+02;1.981000000e+03
4.694630432e+02;1.852000000e+03
4.695637817e+02;1.987000000e+03
4.696644897e+02;1.851000000e+03
4.697651978e+02;1.858000000e+03
4.698659363e+02;1.971000000e+03
4.699666748e+02;1.945000000e+03
4.700674133e+02;1.918000000e+03
4.701681519e+02;1.874000000e+03
4.702689209e+02;1.716000000e+03
4.703696594e+02;1.887000000e+03
4.704703979e+02;1.799000000e+03
4.705711365e+02;1.817000000e+03
4.706719055e+02;1.805000000e+03
4.707726440e+02;1.849000000e+03
4.708734131e+02;1.823000000e+03
4.709741821e+02;1.859000000e+03
4.710749512e+02;1.802000000e+03
4.711757202e+02;1.854000000e+03
4.712765198e+02;1.694000000e+03
4.713772583e+02;1.683000000e+03
4.714780273e+02;1.691000000e+03
4.715788269e+02;1.760000000e+03
4.716796265e+02;1.761000000e+03
4.717803955e+02;1.765000000e+03
4.718811951e+02;1.738000000e+03
4.719819946e+02;1.786000000e+03
4.720827942e+02;1.693000000e+03
4.721835632e+02;1.722000000e+03
4.722843628e+02;1.539000000e+03
4.723851929e+02;1.681000000e+03
4.724859924e+02;1.592000000e+03
4.725867920e+02;1.690000000e+03
4.726876221e+02;1.600000000e+03
4.727884521e+02;1.655000000e+03
4.728892517e+02;1.646000000e+03
4.729900513e+02;1.608000000e+03
4.730908813e+02;1.537000000e+03
4.731917114e+02;1.580000000e+03
4.732925415e+02;1.538000000e+03
4.733934021e+02;1.557000000e+03
4.734942322e+02;1.548000000e+03
4.735950623e+02;1.551000000e+03
4.736959229e+02;1.520000000e+03
4.737967224e+02;1.577000000e+03
4.738975830e+02;1.503000000e+03
4.739984436e+02;1.476000000e+03
4.740993042e+02;1.382000000e+03
4.742001648e+02;1.505000000e+03
4.743010254e+02;1.502000000e+03
4.744018860e+02;1.587000000e+03
4.745027466e+02;1.464000000e+03
4.746036072e+02;1.508000000e+03
4.747044678e+02;1.382000000e+03
4.748053589e+02;1.444000000e+03
4.749062195e+02;1.266000000e+03
4.750071106e+02;1.485000000e+03
4.751080017e+02;1.345000000e+03
4.752088928e+02;1.329000000e+03
4.753097839e+02;1.357000000e+03
4.754106445e+02;1.464000000e+03
4.755115356e+02;1.366000000e+03
4.756124268e+02;1.363000000e+03
4.757133484e+02;1.311000000e+03
4.758142395e+02;1.259000000e+03
4.759151611e+02;1.273000000e+03
4.760160522e+02;1.332000000e+03
4.761169739e+02;1.271000000e+03
4.762178650e+02;1.250000000e+03
4.763187866e+02;1.310000000e+03
4.764197083e+02;1.371000000e+03
4.765206299e+02;1.149000000e+03
4.766215515e+02;1.275000000e+03
4.767225037e+02;1.233000000e+03
4.768234253e+02;1.276000000e+03
4.769243469e+02;1.135000000e+03
4.770252686e+02;1.250000000e+03
4.771262207e+02;1.167000000e+03
4.772271729e+02;1.174000000e+03
4.773280945e+02;1.153000000e+03
4.774290466e+02;1.186000000e+03
4.775299988e+02;1.080000000e+03
4.776309814e+02;1.139000000e+03
4.777319336e+02;1.108000000e+03
4.778328552e+02;1.118000000e+03
4.779338379e+02;1.080000000e+03
4.780347900e+02;1.105000000e+03
4.781357727e+02;1.034000000e+03
4.782367249e+02;1.100000000e+03
4.783377075e+02;1.057000000e+03
4.784386902e+02;1.100000000e+03
4.785396729e+02;9.750000000e+02
4.786406250e+02;1.069000000e+03
4.787416077e+02;9.970000000e+02
4.788426208e+02;1.066000000e+03
4.789436035e+02;1.021000000e+03
4.790445862e+02;1.087000000e+03
4.791455994e+02;9.460000000e+02
4.792465820e+02;1.063000000e+03
4.793475952e+02;9.160000000e+02
4.794485779e+02;9.740000000e+02
4.795495911e+02;9.820000000e+02
4.796506042e+02;9.360000000e+02
4.797516174e+02;9.430000000e+02
4.798526306e+02;9.040000000e+02
4.799536438e+02;9.170000000e+02
4.800546875e+02;1.012000000e+03
4.801557007e+02;8.760000000e+02
4.802567139e+02;9.500000000e+02
4.803577271e+02;8.650000000e+02
4.804587708e+02;8.670000000e+02
4.805598145e+02;9.240000000e+02
4.806608582e+02;9.480000000e+02
4.807619019e+02;8.880000000e+02
4.808629456e+02;8.580000000e+02
4.809639893e+02;8.390000000e+02
4.810650330e+02;8.880000000e+02
4.811660767e+02;8.120000000e+02
4.812671204e+02;8.530000000e+02
4.813681946e+02;8.610000000e+02
4.814692383e+02;8.060000000e+02
4.815703125e+02;8.370000000e+02
4.816713867e+02;8.760000000e+02
4.817724609e+02;7.540000000e+02
4.818735352e+02;8.820000000e+02
4.819745789e+02;8.170000000e+02
4.820756531e+02;8.590000000e+02
4.821767578e+02;8.250000000e+02
4.822778320e+02;9.010000000e+02
4.823789062e+02;8.400000000e+02
4.824800110e+02;8.190000000e+02
4.825811157e+02;8.260000000e+02
4.826821899e+02;8.150000000e+02
4.827832642e+02;7.180000000e+02
4.828843689e+02;7.920000000e+02
4.829854736e+02;7.950000000e+02
4.830865784e+02;7.970000000e+02
4.831876831e+02;7.510000000e+02
4.832888184e+02;8.640000000e+02
4.833899231e+02;7.640000000e+02
4.834910278e+02;8.030000000e+02
4.835921326e+02;7.590000000e+02
4.836932678e+02;7.790000000e+02
4.837943726e+02;7.290000000e+02
4.838955078e+02;7.330000000e+02
4.839966431e+02;7.660000000e+02
4.840977783e+02;7.750000000e+02
4.841989136e+02;7.260000000e+02
4.843000488e+02;8.310000000e+02
4.844012146e+02;6.820000000e+02
4.845023193e+02;7.680000000e+02
4.846034851e+02;6.590000000e+02
4.847046204e+02;7.200000000e+02
4.848057861e+02;6.660000000e+02
4.849069214e+02;7.160000000e+02
4.850080872e+02;6.680000000e+02
4.851092529e+02;7.430000000e+02
4.852104187e+02;6.800000000e+02
4.853115540e+02;7.370000000e+02
4.854127197e+02;6.520000000e+02
4.855139160e+02;7.320000000e+02
4.856150818e+02;6.590000000e+02
4.857162476e+02;7.280000000e+02
4.858174438e+02;6.590000000e+02
4.859186401e+02;7.640000000e+02
4.860198059e+02;6.600000000e+02
4.861209717e+02;7.590000000e+02
4.862221680e+02;6.320000000e+02
4.863233643e+02;6.820000000e+02
4.864245605e+02;5.930000000e+02
4.865257568e+02;6.930000000e+02
4.866269836e+02;6.900000000e+02
4.867281799e+02;7.200000000e+02
4.868293762e+02;6.250000000e+02
4.869305725e+02;6.990000000e+02
4.870317688e+02;6.070000000e+02
4.871329956e+02;6.570000000e+02
4.872342224e+02;5.920000000e+02
4.873354492e+02;6.420000000e+02
4.874366760e+02;6.260000000e+02
4.875379028e+02;7.030000000e+02
4.876391296e+02;6.420000000e+02
4.877403564e+02;6.490000000e+02
4.878415833e+02;6.370000000e+02
4.879428101e+02;6.690000000e+02
4.880440674e+02;5.380000000e+02
4.881452942e+02;6.730000000e+02
4.882465515e+02;5.820000000e+02
4.883478088e+02;5.900000000e+02
4.884490356e+02;6.460000000e+02
4.885502930e+02;6.570000000e+02
4.886515198e+02;5.540000000e+02
4.887528076e+02;5.810000000e+02
4.888540649e+02;5.920000000e+02
4.889553223e+02;6.440000000e+02
4.890565796e+02;5.190000000e+02
4.891578674e+02;5.970000000e+02
4.892591553e+02;5.990000000e+02
4.893604126e+02;5.890000000e+02
4.894616699e+02;5.970000000e+02
4.895629578e+02;6.550000000e+02
4.896642456e+02;5.390000000e+02
4.897655334e+02;6.100000000e+02
4.898668213e+02;5.260000000e+02
4.899681091e+02;5.980000000e+02
4.900693970e+02;5.380000000e+02
4.901707153e+02;5.990000000e+02
4.902720032e+02;5.840000000e+02
4.903732910e+02;5.960000000e+02
4.904745789e+02;5.450000000e+02
4.905758972e+02;6.290000000e+02
4.906772156e+02;5.140000000e+02
4.907785339e+02;6.200000000e+02
4.908798523e+02;5.160000000e+02
4.909811707e+02;5.910000000e+02
4.910824890e+02;5.780000000e+02
4.911837769e+02;6.250000000e+02
4.912851257e+02;5.410000000e+02
4.913864441e+02;5.930000000e+02
4.914877625e+02;5.420000000e+02
4.915891113e+02;5.610000000e+02
4.916904602e+02;5.270000000e+02
4.917918091e+02;5.740000000e+02
4.918931274e+02;5.510000000e+02
4.919944763e+02;5.770000000e+02
4.920957947e+02;5.300000000e+02
4.921971741e+02;6.150000000e+02
4.922985229e+02;4.760000000e+02
4.923998718e+02;5.350000000e+02
4.925012207e+02;5.060000000e+02
4.926026001e+02;5.570000000e+02
4.927039490e+02;4.790000000e+02
4.928053284e+02;5.890000000e+02
4.929066772e+02;5.380000000e+02
4.930080566e+02;5.330000000e+02
4.931094360e+02;4.790000000e+02
4.932108154e+02;5.790000000e+02
4.933121948e+02;4.940000000e+02
4.934135742e+02;5.720000000e+02
4.935149536e+02;5.150000000e+02
4.936163330e+02;5.470000000e+02
4.937177429e+02;5.660000000e+02
4.938190918e+02;6.130000000e+02
4.939205017e+02;5.050000000e+02
4.940219116e+02;5.470000000e+02
4.941233215e+02;4.790000000e+02
4.942247009e+02;5.690000000e+02
4.943261108e+02;4.700000000e+02
4.944275208e+02;5.550000000e+02
4.945289612e+02;5.230000000e+02
4.946303406e+02;5.110000000e+02
4.947317505e+02;4.710000000e+02
4.948331604e+02;5.640000000e+02
4.949346008e+02;3.990000000e+02
4.950360413e+02;5.180000000e+02
4.951374512e+02;4.620000000e+02
4.952388916e+02;5.070000000e+02
4.953403320e+02;4.400000000e+02
4.954417725e+02;5.190000000e+02
4.955431824e+02;5.410000000e+02
4.956446228e+02;5.080000000e+02
4.957460632e+02;4.310000000e+02
4.958475037e+02;5.160000000e+02
4.959489746e+02;4.070000000e+02
4.960504150e+02;5.390000000e+02
4.961518555e+02;4.520000000e+02
4.962533264e+02;4.860000000e+02
4.963547668e+02;4.970000000e+02
4.964562378e+02;5.260000000e+02
4.965576782e+02;4.380000000e+02
4.966591492e+02;5.090000000e+02
4.967606201e+02;4.400000000e+02
4.968621216e+02;4.630000000e+02
4.969635925e+02;3.930000000e+02
4.970650635e+02;4.760000000e+02
4.971665344e+02;4.590000000e+02
4.972680054e+02;4.610000000e+02
4.973694763e+02;4.470000000e+02
4.974709778e+02;4.910000000e+02
4.975724792e+02;3.680000000e+02
4.976739807e+02;4.300000000e+02
4.977754822e+02;3.990000000e+02
4.978769531e+02;4.630000000e+02
4.979784851e+02;3.780000000e+02
4.980799561e+02;4.290000000e+02
4.981814575e+02;4.560000000e+02
4.982829590e+02;4.020000000e+02
4.983844910e+02;3.620000000e+02
4.984859924e+02;4.680000000e+02
4.985875244e+02;3.620000000e+02
4.986890259e+02;4.090000000e+02
4.987905579e+02;4.210000000e+02
4.988920898e+02;4.240000000e+02
4.989935913e+02;4.440000000e+02
4.990951233e+02;4.080000000e+02
4.991966553e+02;3.700000000e+02
4.992981873e+02;4.110000000e+02
4.993997192e+02;3.080000000e+02
4.995012817e+02;4.040000000e+02
4.996028137e+02;3.120000000e+02
4.997043762e+02;4.080000000e+02
4.998059082e+02;4.020000000e+02
4.999074402e+02;4.040000000e+02
5.000090027e+02;3.760000000e+02
5.001105652e+02;4.330000000e+02
5.002121277e+02;3.450000000e+02
5.003136902e+02;3.960000000e+02
5.004152527e+02;3.370000000e+02
5.005168152e+02;4.000000000e+02
5.006183777e+02;3.300000000e+02
5.007199402e+02;4.020000000e+02
5.008215027e+02;3.770000000e+02
5.009230957e+02;4.030000000e+02
5.010246582e+02;3.770000000e+02
5.011262512e+02;4.280000000e+02
5.012278442e+02;2.850000000e+02
5.013294373e+02;3.990000000e+02
5.014310303e+02;3.030000000e+02
5.015326233e+02;3.820000000e+02
5.016341858e+02;3.200000000e+02
5.017357788e+02;4.220000000e+02
5.018373718e+02;3.500000000e+02
5.019389954e+02;3.990000000e+02
5.020405884e+02;3.050000000e+02
5.021422119e+02;3.370000000e+02
5.022438049e+02;3.440000000e+02
5.023454285e+02;4.240000000e+02
5.024470520e+02;3.780000000e+02
5.025486450e+02;3.790000000e+02
5.026502686e+02;3.460000000e+02
5.027518921e+02;4.080000000e+02
5.028535156e+02;2.880000000e+02
5.029551392e+02;3.640000000e+02
5.030567627e+02;3.070000000e+02
5.031584167e+02;3.850000000e+02
5.032600403e+02;3.490000000e+02
5.033616638e+02;3.610000000e+02
5.034632874e+02;3.570000000e+02
5.035649414e+02;3.670000000e+02
5.036665955e+02;3.300000000e+02
5.037682495e+02;3.870000000e+02
5.038699036e+02;2.710000000e+02
5.039715576e+02;3.660000000e+02
5.040732117e+02;3.380000000e+02
5.041748657e+02;3.520000000e+02
5.042765198e+02;3.830000000e+02
5.043781738e+02;4.190000000e+02
5.044798279e+02;3.160000000e+02
5.045815125e+02;3.450000000e+02
5.046831970e+02;3.290000000e+02
5.047848511e+02;4.070000000e+02
5.048865356e+02;2.700000000e+02
5.049882202e+02;3.280000000e+02
5.050899048e+02;3.670000000e+02
5.051915588e+02;3.750000000e+02
5.052932434e+02;3.350000000e+02
5.053949280e+02;3.600000000e+02
5.054966431e+02;2.880000000e+02
5.055983276e+02;3.470000000e+02
5.057000427e+02;2.700000000e+02
5.058017273e+02;3.620000000e+02
5.059034424e+02;2.890000000e+02
5.060051270e+02;3.520000000e+02
5.061068115e+02;3.780000000e+02
5.062085266e+02;3.560000000e+02
5.063102417e+02;2.920000000e+02
5.064119568e+02;4.060000000e+02
5.065136719e+02;2.610000000e+02
5.066154175e+02;3.930000000e+02
5.067171326e+02;3.490000000e+02
5.068188477e+02;3.250000000e+02
5.069205627e+02;3.250000000e+02
5.070222778e+02;3.740000000e+02
5.071240234e+02;3.790000000e+02
5.072257690e+02;3.590000000e+02
5.073274841e+02;3.060000000e+02
5.074292297e+02;3.740000000e+02
5.075309753e+02;2.720000000e+02
5.076327209e+02;3.460000000e+02
5.077344666e+02;3.580000000e+02
5.078362122e+02;3.840000000e+02
5.079379578e+02;3.330000000e+02
5.080397034e+02;3.850000000e+02
5.081414795e+02;2.960000000e+02
5.082432251e+02;3.760000000e+02
5.083450012e+02;3.320000000e+02
5.084467773e+02;3.380000000e+02
5.085485229e+02;3.550000000e+02
5.086502991e+02;3.450000000e+02
5.087520447e+02;3.570000000e+02
5.088538208e+02;3.760000000e+02
5.089555969e+02;3.200000000e+02
5.090574036e+02;3.550000000e+02
5.091591797e+02;2.780000000e+02
5.092609558e+02;3.540000000e+02
5.093627625e+02;3.010000000e+02
5.094645386e+02;3.200000000e+02
5.095663452e+02;3.070000000e+02
5.096680908e+02;3.850000000e+02
5.097698975e+02;3.160000000e+02
5.098717041e+02;3.300000000e+02
5.099735107e+02;3.240000000e+02
5.100753174e+02;3.350000000e+02
5.101771240e+02;3.190000000e+02
5.102789307e+02;3.090000000e+02
5.103807678e+02;3.560000000e+02
5.104825745e+02;3.530000000e+02
5.105843506e+02;2.950000000e+02
5.106861877e+02;3.470000000e+02
5.107879944e+02;3.060000000e+02
5.108898315e+02;3.520000000e+02
5.109916687e+02;2.620000000e+02
5.110935059e+02;3.940000000e+02
5.111953430e+02;3.300000000e+02
5.112971802e+02;3.880000000e+02
5.113990173e+02;3.530000000e+02
5.115008240e+02;3.770000000e+02
5.116026611e+02;3.280000000e+02
5.117044983e+02;4.160000000e+02
5.118063660e+02;3.200000000e+02
5.119082031e+02;3.820000000e+02
5.120100708e+02;3.150000000e+02
5.121118774e+02;3.920000000e+02
5.122138062e+02;3.400000000e+02
5.123156128e+02;4.000000000e+02
5.124174805e+02;3.410000000e+02
5.125193481e+02;3.630000000e+02
5.126212158e+02;3.240000000e+02
5.127230835e+02;3.890000000e+02
5.128249512e+02;3.050000000e+02
5.129268188e+02;3.590000000e+02
5.130286865e+02;3.550000000e+02
5.131306152e+02;3.730000000e+02
5.132324219e+02;3.270000000e+02
5.133343506e+02;3.900000000e+02
5.134362183e+02;3.220000000e+02
5.135381470e+02;3.820000000e+02
5.136400146e+02;3.110000000e+02
5.137418823e+02;3.750000000e+02
5.138438110e+02;3.330000000e+02
5.139456787e+02;3.370000000e+02
5.140476074e+02;3.570000000e+02
5.141494751e+02;3.700000000e+02
5.142514038e+02;3.020000000e+02
5.143532715e+02;4.180000000e+02
5.144552612e+02;2.670000000e+02
5.145571289e+02;3.500000000e+02
5.146589966e+02;3.370000000e+02
5.147609863e+02;3.480000000e+02
5.148628540e+02;3.210000000e+02
5.149647827e+02;3.870000000e+02
5.150667114e+02;3.040000000e+02
5.151686401e+02;4.020000000e+02
5.152705688e+02;3.170000000e+02
5.153725586e+02;3.700000000e+02
5.154744263e+02;2.860000000e+02
5.155763550e+02;3.770000000e+02
5.156783447e+02;3.080000000e+02
5.157802124e+02;3.380000000e+02
5.158822021e+02;2.960000000e+02
5.159841309e+02;3.970000000e+02
5.160861206e+02;2.910000000e+02
5.161880493e+02;3.880000000e+02
5.162900391e+02;3.250000000e+02
5.163919678e+02;3.450000000e+02
5.164938965e+02;3.060000000e+02
5.165958862e+02;3.270000000e+02
5.166978149e+02;3.400000000e+02
5.167998047e+02;3.470000000e+02
5.169017334e+02;2.980000000e+02
5.170037842e+02;3.840000000e+02
5.171057129e+02;2.740000000e+02
5.172077026e+02;3.320000000e+02
5.173096313e+02;3.310000000e+02
5.174116211e+02;3.200000000e+02
5.175136108e+02;3.200000000e+02
5.176156006e+02;3.760000000e+02
5.177175903e+02;3.090000000e+02
5.178195801e+02;3.780000000e+02
5.179215698e+02;3.210000000e+02
5.180235596e+02;3.760000000e+02
5.181256104e+02;3.000000000e+02
5.182275391e+02;3.580000000e+02
5.183295288e+02;3.210000000e+02
5.184315796e+02;3.430000000e+02
5.185335693e+02;3.480000000e+02
5.186356201e+02;4.130000000e+02
5.187376099e+02;2.840000000e+02
5.188396606e+02;4.340000000e+02
5.189416504e+02;3.470000000e+02
5.190437012e+02;4.050000000e+02
5.191456909e+02;3.420000000e+02
5.192476807e+02;3.920000000e+02
5.193497314e+02;3.890000000e+02
5.194517212e+02;3.590000000e+02
5.195537720e+02;3.550000000e+02
5.196558228e+02;4.440000000e+02
5.197578735e+02;3.080000000e+02
5.198598633e+02;4.230000000e+02
5.199619751e+02;3.270000000e+02
5.200639648e+02;3.870000000e+02
5.201659546e+02;3.600000000e+02
5.202680664e+02;4.610000000e+02
5.203700562e+02;3.500000000e+02
5.204721680e+02;4.100000000e+02
5.205742188e+02;3.340000000e+02
5.206762695e+02;4.090000000e+02
5.207783203e+02;3.070000000e+02
5.208804321e+02;3.920000000e+02
5.209824219e+02;3.730000000e+02
5.210844727e+02;4.280000000e+02
5.211865845e+02;3.980000000e+02
5.212886353e+02;4.140000000e+02
5.213907471e+02;3.050000000e+02
5.214927979e+02;4.100000000e+02
5.215949097e+02;3.160000000e+02
5.216969604e+02;4.080000000e+02
5.217990723e+02;3.330000000e+02
5.219011230e+02;4.100000000e+02
5.220031738e+02;3.840000000e+02
5.221052856e+02;3.970000000e+02
5.222073975e+02;3.690000000e+02
5.223095093e+02;4.390000000e+02
5.224115601e+02;3.210000000e+02
5.225137329e+02;4.410000000e+02
5.226157837e+02;3.750000000e+02
5.227178955e+02;3.820000000e+02
5.228200073e+02;3.710000000e+02
5.229221191e+02;3.860000000e+02
5.230242310e+02;3.910000000e+02
5.231262817e+02;4.500000000e+02
5.232284546e+02;3.360000000e+02
5.233305664e+02;4.270000000e+02
5.234326782e+02;3.650000000e+02
5.235347900e+02;3.940000000e+02
5.236369629e+02;4.120000000e+02
5.237390747e+02;4.040000000e+02
5.238412476e+02;3.550000000e+02
5.239432983e+02;4.580000000e+02
5.240454102e+02;3.330000000e+02
5.241475830e+02;4.160000000e+02
5.242496948e+02;3.450000000e+02
5.243518677e+02;3.990000000e+02
5.244539795e+02;3.890000000e+02
5.245562134e+02;4.500000000e+02
5.246583252e+02;4.050000000e+02
5.247604980e+02;4.030000000e+02
5.248626099e+02;3.660000000e+02
5.249647217e+02;4.150000000e+02
5.250669556e+02;3.290000000e+02
5.251690674e+02;3.820000000e+02
5.252712402e+02;3.780000000e+02
5.253734131e+02;3.970000000e+02
5.254755859e+02;3.750000000e+02
5.255777588e+02;4.060000000e+02
5.256799316e+02;3.600000000e+02
5.257821045e+02;4.040000000e+02
5.258842773e+02;3.260000000e+02
5.259864502e+02;4.260000000e+02
5.260886230e+02;3.250000000e+02
5.261908569e+02;3.970000000e+02
5.262929688e+02;3.930000000e+02
5.263952026e+02;4.330000000e+02
5.264973755e+02;3.840000000e+02
5.265996094e+02;4.470000000e+02
5.267017822e+02;3.100000000e+02
5.268039551e+02;4.300000000e+02
5.269061890e+02;3.030000000e+02
5.270083618e+02;3.960000000e+02
5.271105957e+02;3.430000000e+02
5.272127686e+02;3.530000000e+02
5.273150024e+02;3.440000000e+02
5.274171753e+02;3.820000000e+02
5.275194092e+02;3.410000000e+02
5.276216431e+02;4.340000000e+02
5.277238159e+02;2.950000000e+02
5.278260498e+02;4.160000000e+02
5.279282837e+02;3.280000000e+02
5.280305176e+02;3.830000000e+02
5.281327515e+02;3.610000000e+02
5.282349854e+02;4.230000000e+02
5.283372192e+02;3.720000000e+02
5.284394531e+02;3.920000000e+02
5.285416870e+02;3.180000000e+02
5.286438599e+02;3.940000000e+02
5.287461548e+02;3.220000000e+02
5.288483887e+02;3.680000000e+02
5.289506226e+02;3.640000000e+02
5.290528564e+02;3.530000000e+02
5.291551514e+02;3.480000000e+02
5.292573853e+02;4.290000000e+02
5.293596802e+02;3.320000000e+02
5.294619141e+02;4.200000000e+02
5.295642090e+02;3.100000000e+02
5.296664429e+02;3.640000000e+02
5.297686768e+02;3.180000000e+02
5.298709717e+02;3.450000000e+02
5.299732056e+02;3.410000000e+02
5.300755005e+02;3.480000000e+02
5.301777344e+02;3.280000000e+02
5.302800903e+02;3.690000000e+02
5.303823242e+02;3.230000000e+02
5.304846191e+02;3.670000000e+02
5.305868530e+02;3.290000000e+02
5.306891479e+02;3.370000000e+02
5.307914429e+02;3.030000000e+02
5.308937378e+02;3.420000000e+02
5.309960327e+02;2.780000000e+02
5.310983276e+02;3.500000000e+02
5.312006226e+02;3.190000000e+02
5.313029175e+02;3.790000000e+02
5.314052734e+02;2.970000000e+02
5.315075073e+02;3.320000000e+02
5.316098022e+02;3.250000000e+02
5.317121582e+02;3.420000000e+02
5.318143921e+02;3.100000000e+02
5.319167480e+02;3.860000000e+02
5.320190430e+02;2.650000000e+02
5.321213989e+02;3.510000000e+02
5.322236938e+02;2.130000000e+02
5.323260498e+02;3.520000000e+02
5.324283447e+02;3.330000000e+02
5.325306396e+02;3.590000000e+02
5.326329956e+02;3.350000000e+02
5.327352905e+02;3.660000000e+02
5.328376465e+02;3.130000000e+02
5.329400024e+02;3.510000000e+02
5.330423584e+02;2.420000000e+02
5.331446533e+02;3.710000000e+02
5.332470093e+02;3.090000000e+02
5.333493652e+02;3.380000000e+02
5.334516602e+02;3.100000000e+02
5.335540161e+02;3.400000000e+02
5.336563721e+02;3.550000000e+02
5.337587280e+02;3.420000000e+02
5.338610840e+02;3.000000000e+02
5.339634399e+02;3.410000000e+02
5.340657959e+02;2.530000000e+02
5.341682129e+02;3.260000000e+02
5.342705078e+02;3.040000000e+02
5.343729248e+02;3.640000000e+02
5.344752808e+02;3.310000000e+02
5.345776367e+02;3.540000000e+02
5.346799927e+02;2.520000000e+02
5.347823486e+02;3.530000000e+02
5.348847656e+02;2.690000000e+02
5.349871216e+02;3.340000000e+02
5.350895386e+02;3.170000000e+02
5.351918945e+02;3.690000000e+02
5.352943115e+02;3.750000000e+02
5.353966675e+02;3.310000000e+02
5.354990234e+02;2.850000000e+02
5.356014404e+02;3.780000000e+02
5.357038574e+02;2.510000000e+02
5.358062744e+02;4.230000000e+02
5.359086304e+02;2.990000000e+02
5.360110474e+02;3.380000000e+02
5.361134644e+02;3.040000000e+02
5.362158813e+02;3.750000000e+02
5.363182373e+02;3.190000000e+02
5.364206543e+02;3.510000000e+02
5.365230713e+02;2.690000000e+02
5.366254883e+02;3.570000000e+02
5.367279053e+02;2.700000000e+02
5.368303223e+02;3.460000000e+02
5.369328003e+02;3.580000000e+02
5.370351562e+02;3.300000000e+02
5.371376343e+02;3.430000000e+02
5.372400513e+02;3.770000000e+02
5.373424072e+02;2.600000000e+02
5.374448853e+02;3.450000000e+02
5.375473022e+02;2.920000000e+02
5.376497803e+02;3.620000000e+02
5.377521973e+02;3.110000000e+02
5.378546753e+02;3.240000000e+02
5.379570923e+02;3.300000000e+02
5.380595703e+02;3.170000000e+02
5.381619873e+02;2.970000000e+02
5.382644653e+02;3.380000000e+02
5.383668823e+02;2.650000000e+02
5.384692993e+02;3.250000000e+02
5.385717773e+02;3.510000000e+02
5.386742554e+02;3.580000000e+02
5.387767334e+02;3.090000000e+02
5.388791504e+02;3.710000000e+02
5.389816895e+02;2.700000000e+02
5.390841064e+02;3.110000000e+02
5.391865845e+02;2.650000000e+02
5.392890625e+02;2.870000000e+02
5.393914795e+02;2.500000000e+02
5.394940186e+02;3.280000000e+02
5.395964355e+02;3.060000000e+02
5.396989746e+02;3.140000000e+02
5.398013916e+02;2.940000000e+02
5.399039307e+02;3.410000000e+02
5.400064087e+02;2.520000000e+02
5.401089478e+02;3.090000000e+02
5.402113647e+02;2.680000000e+02
5.403138428e+02;2.880000000e+02
5.404163818e+02;2.420000000e+02
5.405188599e+02;3.450000000e+02
5.406213989e+02;3.380000000e+02
5.407238770e+02;2.880000000e+02
5.408264160e+02;2.440000000e+02
5.409288940e+02;3.560000000e+02
5.410314331e+02;1.900000000e+02
5.411339111e+02;2.680000000e+02
5.412363892e+02;2.690000000e+02
5.413389282e+02;2.720000000e+02
5.414414062e+02;3.040000000e+02
5.415439453e+02;3.560000000e+02
5.416464844e+02;2.320000000e+02
5.417490234e+02;3.140000000e+02
5.418515015e+02;1.800000000e+02
5.419541016e+02;2.770000000e+02
5.420565796e+02;2.250000000e+02
5.421591797e+02;2.690000000e+02
5.422616577e+02;2.720000000e+02
5.423641968e+02;2.680000000e+02
5.424667358e+02;2.390000000e+02
5.425692749e+02;2.870000000e+02
5.426718140e+02;2.300000000e+02
5.427743530e+02;3.360000000e+02
5.428769531e+02;2.360000000e+02
5.429794312e+02;2.990000000e+02
5.430820312e+02;2.380000000e+02
5.431845703e+02;2.650000000e+02
5.432871094e+02;3.040000000e+02
5.433897095e+02;2.650000000e+02
5.434921875e+02;2.740000000e+02
5.435947876e+02;3.250000000e+02
5.436973267e+02;1.860000000e+02
5.437999268e+02;3.320000000e+02
5.439024658e+02;2.700000000e+02
5.440050659e+02;2.970000000e+02
5.441076660e+02;2.790000000e+02
5.442102661e+02;3.370000000e+02
5.443128052e+02;2.520000000e+02
5.444153442e+02;3.200000000e+02
5.445179443e+02;2.670000000e+02
5.446205444e+02;3.380000000e+02
5.447231445e+02;2.500000000e+02
5.448256836e+02;2.960000000e+02
5.449283447e+02;3.250000000e+02
5.450308838e+02;3.140000000e+02
5.451334839e+02;2.960000000e+02
5.452360840e+02;3.640000000e+02
5.453386230e+02;2.010000000e+02
5.454412842e+02;3.110000000e+02
5.455438843e+02;2.280000000e+02
5.456464844e+02;3.040000000e+02
5.457490845e+02;2.690000000e+02
5.458517456e+02;2.950000000e+02
5.459542847e+02;3.140000000e+02
5.460569458e+02;3.120000000e+02
5.461595459e+02;2.930000000e+02
5.462621460e+02;3.430000000e+02
5.463648071e+02;2.270000000e+02
5.464674072e+02;3.560000000e+02
5.465700073e+02;2.530000000e+02
5.466726074e+02;3.310000000e+02
5.467752686e+02;3.140000000e+02
5.468778687e+02;3.700000000e+02
5.469805908e+02;2.800000000e+02
5.470831909e+02;3.580000000e+02
5.471858521e+02;2.430000000e+02
5.472884521e+02;3.290000000e+02
5.473910522e+02;2.490000000e+02
5.474937134e+02;3.250000000e+02
5.475963745e+02;3.600000000e+02
5.476990356e+02;2.700000000e+02
5.478016357e+02;3.300000000e+02
5.479043579e+02;3.660000000e+02
5.480069580e+02;2.500000000e+02
5.481096802e+02;3.450000000e+02
5.482122803e+02;2.810000000e+02
5.483149414e+02;3.480000000e+02
5.484176025e+02;3.050000000e+02
5.485202637e+02;3.360000000e+02
5.486229248e+02;3.270000000e+02
5.487255859e+02;3.390000000e+02
5.488283081e+02;3.120000000e+02
5.489309082e+02;3.430000000e+02
5.490336304e+02;2.560000000e+02
5.491362915e+02;2.980000000e+02
5.492389526e+02;2.710000000e+02
5.493416748e+02;3.250000000e+02
5.494443359e+02;3.150000000e+02
5.495470581e+02;3.520000000e+02
5.496496582e+02;2.640000000e+02
5.497523804e+02;3.230000000e+02
5.498551025e+02;2.900000000e+02
5.499578247e+02;3.380000000e+02
5.500604858e+02;2.810000000e+02
5.501632080e+02;3.170000000e+02
5.502658691e+02;2.750000000e+02
5.503685303e+02;3.160000000e+02
5.504712524e+02;2.880000000e+02
5.505739746e+02;3.620000000e+02
5.506766968e+02;2.700000000e+02
5.507793579e+02;3.620000000e+02
5.508821411e+02;2.610000000e+02
5.509848022e+02;3.000000000e+02
5.510875854e+02;2.770000000e+02
5.511902466e+02;3.170000000e+02
5.512929077e+02;3.280000000e+02
5.513956909e+02;3.180000000e+02
5.514984131e+02;2.610000000e+02
5.516011353e+02;3.310000000e+02
5.517038574e+02;2.390000000e+02
5.518066406e+02;3.130000000e+02
5.519093018e+02;2.730000000e+02
5.520120850e+02;3.270000000e+02
5.521148071e+02;3.140000000e+02
5.522175903e+02;3.740000000e+02
5.523202515e+02;2.830000000e+02
5.524229736e+02;3.630000000e+02
5.525257568e+02;2.790000000e+02
5.526284790e+02;3.370000000e+02
5.527312622e+02;2.810000000e+02
5.528339844e+02;3.310000000e+02
5.529367676e+02;2.820000000e+02
5.530394897e+02;3.460000000e+02
5.531422729e+02;3.020000000e+02
5.532449951e+02;3.550000000e+02
5.533477783e+02;2.870000000e+02
5.534505615e+02;3.400000000e+02
5.535532837e+02;2.760000000e+02
5.536560669e+02;3.650000000e+02
5.537588501e+02;2.820000000e+02
5.538616333e+02;3.310000000e+02
5.539643555e+02;3.320000000e+02
5.540671997e+02;3.480000000e+02
5.541699219e+02;3.070000000e+02
5.542727661e+02;3.600000000e+02
5.543754883e+02;2.460000000e+02
5.544782715e+02;3.370000000e+02
5.545810547e+02;3.080000000e+02
5.546838379e+02;3.550000000e+02
5.547866821e+02;3.120000000e+02
5.548894043e+02;3.600000000e+02
5.549922485e+02;2.990000000e+02
5.550950317e+02;3.760000000e+02
5.551978149e+02;2.780000000e+02
5.553005981e+02;3.610000000e+02
5.554033813e+02;2.440000000e+02
5.555062256e+02;3.470000000e+02
5.556090088e+02;3.360000000e+02
5.557118530e+02;3.410000000e+02
5.558146362e+02;3.110000000e+02
5.559174805e+02;3.960000000e+02
5.560202637e+02;2.860000000e+02
5.561231079e+02;3.800000000e+02
5.562258911e+02;2.940000000e+02
5.563287354e+02;3.750000000e+02
5.564315186e+02;2.880000000e+02
5.565343018e+02;3.490000000e+02
5.566372070e+02;3.560000000e+02
5.567399902e+02;3.680000000e+02
5.568428345e+02;3.180000000e+02
5.569456787e+02;4.010000000e+02
5.570485229e+02;2.700000000e+02
5.571513062e+02;3.490000000e+02
5.572542114e+02;3.090000000e+02
5.573569946e+02;3.690000000e+02
5.574598389e+02;3.220000000e+02
5.575626831e+02;3.730000000e+02
5.576655273e+02;3.380000000e+02
5.577683716e+02;3.870000000e+02
5.578712158e+02;3.110000000e+02
5.579741211e+02;3.890000000e+02
5.580769043e+02;2.590000000e+02
5.581798096e+02;3.360000000e+02
5.582826538e+02;3.430000000e+02
5.583855591e+02;3.390000000e+02
5.584883423e+02;3.190000000e+02
5.585911865e+02;3.740000000e+02
5.586940918e+02;2.680000000e+02
5.587969360e+02;3.820000000e+02
5.588998413e+02;3.220000000e+02
5.590026855e+02;3.630000000e+02
5.591055908e+02;3.560000000e+02
5.592084351e+02;3.610000000e+02
5.593113403e+02;3.760000000e+02
5.594141846e+02;3.410000000e+02
5.595170288e+02;3.110000000e+02
5.596199951e+02;3.730000000e+02
5.597228394e+02;2.830000000e+02
5.598257446e+02;3.930000000e+02
5.599285889e+02;3.230000000e+02
5.600315552e+02;3.740000000e+02
5.601343994e+02;3.990000000e+02
5.602373047e+02;4.100000000e+02
5.603402100e+02;2.700000000e+02
5.604431152e+02;4.070000000e+02
5.605460205e+02;3.120000000e+02
5.606488647e+02;3.820000000e+02
5.607518311e+02;3.240000000e+02
5.608546753e+02;4.080000000e+02
5.609576416e+02;3.820000000e+02
5.610604858e+02;3.680000000e+02
5.611634521e+02;3.570000000e+02
5.612663574e+02;4.170000000e+02
5.613692627e+02;2.770000000e+02
5.614721680e+02;4.240000000e+02
5.615750732e+02;3.050000000e+02
5.616780396e+02;3.580000000e+02
5.617809448e+02;3.260000000e+02
5.618839111e+02;3.980000000e+02
5.619867554e+02;3.440000000e+02
5.620897217e+02;4.140000000e+02
5.621926270e+02;3.160000000e+02
5.622955933e+02;4.360000000e+02
5.623984985e+02;3.200000000e+02
5.625014648e+02;3.760000000e+02
5.626044312e+02;3.330000000e+02
5.627073364e+02;3.680000000e+02
5.628103027e+02;3.570000000e+02
5.629132080e+02;4.000000000e+02
5.630161743e+02;3.120000000e+02
5.631191406e+02;3.860000000e+02
5.632221069e+02;3.650000000e+02
5.633250122e+02;3.990000000e+02
5.634280396e+02;3.130000000e+02
5.635309448e+02;3.760000000e+02
5.636338501e+02;3.680000000e+02
5.637368774e+02;3.670000000e+02
5.638397827e+02;3.540000000e+02
5.639428101e+02;4.180000000e+02
5.640457153e+02;2.800000000e+02
5.641487427e+02;3.720000000e+02
5.642517090e+02;3.110000000e+02
5.643546753e+02;3.930000000e+02
5.644576416e+02;3.370000000e+02
5.645606689e+02;4.080000000e+02
5.646635742e+02;3.560000000e+02
5.647665405e+02;4.020000000e+02
5.648695679e+02;3.150000000e+02
5.649725342e+02;4.030000000e+02
5.650755615e+02;2.690000000e+02
5.651784668e+02;3.650000000e+02
5.652814941e+02;3.240000000e+02
5.653844604e+02;3.830000000e+02
5.654874878e+02;3.340000000e+02
5.655904541e+02;4.030000000e+02
5.656934814e+02;3.420000000e+02
5.657964478e+02;3.600000000e+02
5.658994751e+02;3.030000000e+02
5.660025024e+02;3.760000000e+02
5.661054688e+02;2.910000000e+02
5.662084961e+02;3.800000000e+02
5.663114624e+02;3.680000000e+02
5.664145508e+02;3.420000000e+02
5.665175171e+02;3.810000000e+02
5.666205444e+02;4.070000000e+02
5.667235718e+02;2.970000000e+02
5.668265381e+02;3.970000000e+02
5.669295654e+02;2.930000000e+02
5.670325928e+02;3.790000000e+02
5.671356201e+02;3.500000000e+02
5.672386475e+02;3.820000000e+02
5.673416748e+02;4.100000000e+02
5.674447021e+02;3.700000000e+02
5.675477295e+02;3.340000000e+02
5.676507568e+02;4.200000000e+02
5.677538452e+02;2.720000000e+02
5.678568726e+02;3.690000000e+02
5.679598389e+02;3.120000000e+02
5.680629272e+02;3.490000000e+02
5.681659546e+02;3.650000000e+02
5.682690430e+02;3.690000000e+02
5.683720093e+02;3.100000000e+02
5.684750977e+02;3.690000000e+02
5.685781250e+02;3.260000000e+02
5.686812134e+02;3.580000000e+02
5.687842407e+02;2.980000000e+02
5.688873291e+02;3.410000000e+02
5.689903564e+02;3.750000000e+02
5.690933838e+02;3.520000000e+02
5.691964722e+02;3.210000000e+02
5.692995605e+02;3.970000000e+02
5.694026489e+02;2.820000000e+02
5.695056763e+02;3.910000000e+02
5.696087646e+02;3.210000000e+02
5.697117920e+02;3.950000000e+02
5.698149414e+02;2.980000000e+02
5.699179688e+02;3.280000000e+02
5.700209961e+02;3.660000000e+02
5.701241455e+02;3.790000000e+02
5.702271729e+02;3.190000000e+02
5.703302612e+02;3.810000000e+02
5.704333496e+02;2.810000000e+02
5.705364380e+02;3.680000000e+02
5.706395264e+02;3.230000000e+02
5.707426758e+02;3.750000000e+02
5.708457031e+02;3.260000000e+02
5.709488525e+02;3.900000000e+02
5.710518799e+02;3.250000000e+02
5.711549683e+02;3.830000000e+02
5.712581177e+02;2.950000000e+02
5.713611450e+02;3.640000000e+02
5.714642944e+02;3.290000000e+02
5.715673828e+02;3.510000000e+02
5.716705322e+02;3.310000000e+02
5.717736206e+02;3.310000000e+02
5.718767700e+02;3.530000000e+02
5.719798584e+02;3.940000000e+02
5.720830078e+02;2.990000000e+02
5.721860352e+02;3.870000000e+02
5.722891235e+02;2.620000000e+02
5.723923340e+02;3.020000000e+02
5.724954224e+02;3.200000000e+02
5.725985718e+02;3.790000000e+02
5.727016602e+02;3.420000000e+02
5.728048096e+02;3.400000000e+02
5.729078979e+02;2.810000000e+02
5.730110474e+02;3.920000000e+02
5.731141968e+02;2.510000000e+02
5.732172852e+02;3.450000000e+02
5.733204346e+02;3.600000000e+02
5.734235840e+02;3.300000000e+02
5.735267334e+02;3.240000000e+02
5.736298218e+02;3.900000000e+02
5.737330322e+02;2.660000000e+02
5.738361206e+02;3.600000000e+02
5.739393311e+02;3.010000000e+02
5.740424194e+02;3.560000000e+02
5.741456299e+02;2.880000000e+02
5.742487183e+02;3.690000000e+02
5.743518677e+02;3.240000000e+02
5.744550781e+02;3.660000000e+02
5.745581665e+02;2.920000000e+02
5.746613770e+02;3.720000000e+02
5.747645264e+02;2.860000000e+02
5.748676758e+02;3.730000000e+02
5.749708252e+02;2.810000000e+02
5.750740356e+02;3.490000000e+02
5.751771851e+02;3.370000000e+02
5.752803955e+02;3.920000000e+02
5.753835449e+02;3.420000000e+02
5.754866943e+02;3.550000000e+02
5.755899048e+02;3.070000000e+02
5.756930542e+02;3.580000000e+02
5.757962646e+02;2.890000000e+02
5.758994141e+02;3.680000000e+02
5.760026245e+02;2.830000000e+02
5.761057739e+02;3.900000000e+02
5.762089844e+02;3.290000000e+02
5.763121338e+02;3.900000000e+02
5.764152832e+02;3.050000000e+02
5.765185547e+02;3.230000000e+02
5.766217041e+02;2.610000000e+02
5.767249146e+02;3.420000000e+02
5.768280640e+02;2.810000000e+02
5.769313354e+02;3.500000000e+02
5.770344849e+02;3.350000000e+02
5.771377563e+02;2.980000000e+02
5.772409058e+02;3.050000000e+02
5.773441162e+02;4.300000000e+02
5.774473267e+02;2.960000000e+02
5.775504761e+02;3.510000000e+02
5.776537476e+02;3.000000000e+02
5.777569580e+02;3.180000000e+02
5.778601685e+02;2.960000000e+02
5.779633789e+02;3.650000000e+02
5.780665894e+02;3.300000000e+02
5.781697998e+02;3.560000000e+02
5.782730713e+02;2.880000000e+02
5.783762817e+02;3.560000000e+02
5.784794922e+02;2.590000000e+02
5.785827026e+02;3.320000000e+02
5.786859131e+02;2.650000000e+02
5.787891846e+02;3.250000000e+02
5.788923950e+02;2.770000000e+02
5.789956665e+02;3.630000000e+02
5.790988770e+02;2.930000000e+02
5.792021484e+02;3.550000000e+02
5.793053589e+02;3.060000000e+02
5.794086304e+02;3.470000000e+02
5.795118408e+02;2.580000000e+02
5.796151123e+02;3.060000000e+02
5.797183228e+02;3.460000000e+02
5.798215332e+02;3.200000000e+02
5.799248047e+02;3.430000000e+02
5.800280762e+02;3.970000000e+02
5.801313477e+02;2.840000000e+02
5.802345581e+02;3.800000000e+02
5.803378296e+02;3.080000000e+02
5.804411011e+02;3.710000000e+02
5.805443726e+02;2.860000000e+02
5.806476440e+02;3.530000000e+02
5.807509155e+02;3.520000000e+02
5.808541260e+02;3.490000000e+02
5.809573975e+02;3.060000000e+02
5.810606689e+02;4.000000000e+02
5.811639404e+02;2.460000000e+02
5.812672729e+02;3.360000000e+02
5.813704834e+02;3.260000000e+02
5.814738159e+02;3.080000000e+02
5.815770264e+02;3.160000000e+02
5.816803589e+02;3.320000000e+02
5.817836304e+02;3.160000000e+02
5.818868408e+02;3.210000000e+02
5.819901733e+02;2.760000000e+02
5.820934448e+02;3.330000000e+02
5.821967773e+02;2.520000000e+02
5.823000488e+02;3.250000000e+02
5.824033813e+02;3.180000000e+02
5.825065918e+02;3.320000000e+02
5.826099243e+02;3.070000000e+02
5.827131958e+02;4.090000000e+02
5.828165283e+02;2.830000000e+02
5.829197998e+02;3.360000000e+02
5.830230713e+02;3.250000000e+02
5.831264038e+02;3.780000000e+02
5.832297363e+02;3.020000000e+02
5.833330688e+02;3.500000000e+02
5.834363403e+02;3.000000000e+02
5.835396729e+02;3.310000000e+02
5.836429443e+02;2.850000000e+02
5.837462769e+02;3.730000000e+02
5.838496094e+02;2.880000000e+02
5.839529419e+02;3.560000000e+02
5.840562134e+02;2.940000000e+02
5.841595459e+02;3.310000000e+02
5.842628784e+02;2.790000000e+02
5.843662109e+02;3.650000000e+02
5.844695435e+02;2.930000000e+02
5.845728149e+02;3.480000000e+02
5.846762085e+02;2.790000000e+02
5.847794800e+02;3.420000000e+02
5.848828735e+02;2.420000000e+02
5.849862061e+02;2.980000000e+02
5.850895386e+02;3.370000000e+02
5.851928711e+02;3.300000000e+02
5.852961426e+02;3.240000000e+02
5.853995361e+02;3.970000000e+02
5.855028687e+02;2.370000000e+02
5.856062622e+02;3.260000000e+02
5.857095337e+02;2.720000000e+02
5.858129272e+02;3.120000000e+02
5.859162598e+02;2.670000000e+02
5.860196533e+02;3.150000000e+02
5.861229858e+02;2.800000000e+02
5.862263794e+02;3.170000000e+02
5.863297119e+02;3.130000000e+02
5.864330444e+02;3.230000000e+02
5.865364380e+02;2.420000000e+02
5.866397705e+02;2.840000000e+02
5.867431641e+02;3.110000000e+02
5.868464966e+02;3.100000000e+02
5.869498901e+02;3.100000000e+02
5.870532227e+02;3.610000000e+02
5.871566162e+02;3.170000000e+02
5.872599487e+02;3.500000000e+02
5.873634033e+02;2.800000000e+02
5.874667358e+02;3.440000000e+02
5.875700684e+02;2.550000000e+02
5.876734619e+02;3.460000000e+02
5.877768555e+02;3.690000000e+02
5.878802490e+02;2.960000000e+02
5.879835815e+02;3.200000000e+02
5.880870361e+02;3.670000000e+02
5.881903687e+02;2.530000000e+02
5.882938232e+02;3.550000000e+02
5.883971558e+02;2.920000000e+02
5.885005493e+02;3.610000000e+02
5.886039429e+02;2.910000000e+02
5.887073364e+02;3.110000000e+02
5.888107300e+02;3.190000000e+02
5.889141235e+02;3.810000000e+02
5.890175781e+02;2.830000000e+02
5.891209106e+02;3.420000000e+02
5.892243652e+02;2.380000000e+02
5.893277588e+02;3.550000000e+02
5.894312134e+02;3.350000000e+02
5.895345459e+02;3.190000000e+02
5.896379395e+02;3.210000000e+02
5.897413940e+02;3.810000000e+02
5.898447876e+02;3.420000000e+02
5.899482422e+02;3.980000000e+02
5.900516357e+02;2.860000000e+02
5.901550903e+02;3.180000000e+02
5.902584839e+02;2.710000000e+02
5.903619385e+02;3.200000000e+02
5.904653320e+02;3.290000000e+02
5.905687866e+02;3.720000000e+02
5.906721802e+02;3.080000000e+02
5.907755737e+02;4.030000000e+02
5.908790283e+02;2.800000000e+02
5.909824219e+02;3.830000000e+02
5.910858765e+02;2.850000000e+02
5.911893311e+02;3.160000000e+02
5.912927856e+02;3.230000000e+02
5.913961792e+02;3.570000000e+02
5.914996338e+02;3.260000000e+02
5.916030884e+02;3.670000000e+02
5.917065430e+02;2.960000000e+02
5.918099976e+02;3.910000000e+02
5.919133911e+02;2.670000000e+02
5.920168457e+02;3.280000000e+02
5.921203003e+02;3.590000000e+02
5.922237549e+02;3.650000000e+02
5.923272095e+02;3.260000000e+02
5.924306641e+02;3.900000000e+02
5.925341187e+02;2.720000000e+02
5.926376343e+02;3.550000000e+02
5.927410278e+02;2.750000000e+02
5.928445435e+02;3.200000000e+02
5.929479370e+02;2.960000000e+02
5.930513916e+02;3.490000000e+02
5.931549072e+02;3.150000000e+02
5.932583618e+02;3.070000000e+02
5.933618164e+02;2.650000000e+02
5.934652710e+02;3.680000000e+02
5.935687866e+02;2.550000000e+02
5.936722412e+02;3.190000000e+02
5.937757568e+02;2.870000000e+02
5.938792114e+02;3.150000000e+02
5.939827271e+02;2.890000000e+02
5.940861816e+02;3.340000000e+02
5.941896362e+02;3.150000000e+02
5.942931519e+02;3.100000000e+02
5.943966064e+02;2.900000000e+02
5.945001221e+02;3.790000000e+02
5.946035767e+02;2.170000000e+02
5.947070923e+02;3.300000000e+02
5.948105469e+02;3.010000000e+02
5.949140625e+02;3.040000000e+02
5.950175781e+02;3.270000000e+02
5.951210938e+02;3.340000000e+02
5.952245483e+02;2.840000000e+02
5.953280029e+02;3.190000000e+02
5.954315796e+02;2.730000000e+02
5.955350342e+02;3.310000000e+02
5.956385498e+02;2.490000000e+02
5.957420654e+02;3.090000000e+02
5.958455811e+02;3.310000000e+02
5.959490967e+02;2.830000000e+02
5.960526123e+02;2.700000000e+02
5.961560669e+02;3.550000000e+02
5.962596436e+02;2.230000000e+02
5.963631592e+02;3.300000000e+02
5.964666138e+02;2.390000000e+02
5.965701904e+02;3.290000000e+02
5.966736450e+02;2.870000000e+02
5.967772217e+02;3.190000000e+02
5.968807373e+02;3.000000000e+02
5.969842529e+02;2.900000000e+02
5.970877686e+02;2.430000000e+02
5.971913452e+02;3.300000000e+02
5.972948608e+02;2.390000000e+02
5.973983765e+02;2.810000000e+02
5.975018921e+02;2.730000000e+02
5.976054077e+02;2.590000000e+02
5.977089844e+02;2.880000000e+02
5.978125000e+02;3.300000000e+02
5.979160767e+02;2.990000000e+02
5.980195923e+02;3.260000000e+02
5.981231689e+02;2.540000000e+02
5.982266846e+02;3.370000000e+02
5.983302612e+02;2.360000000e+02
5.984337769e+02;2.820000000e+02
5.985373535e+02;3.370000000e+02
5.986408691e+02;3.450000000e+02
5.987443848e+02;2.780000000e+02
5.988479614e+02;3.370000000e+02
5.989515381e+02;1.960000000e+02
5.990551147e+02;2.860000000e+02
5.991586304e+02;2.990000000e+02
5.992622070e+02;2.960000000e+02
5.993657837e+02;2.460000000e+02
5.994693604e+02;2.960000000e+02
5.995728760e+02;3.330000000e+02
5.996765137e+02;3.260000000e+02
5.997800293e+02;2.650000000e+02
5.998835449e+02;3.570000000e+02
5.999871826e+02;2.360000000e+02
6.000906982e+02;3.350000000e+02
6.001943359e+02;2.770000000e+02
6.002978516e+02;2.910000000e+02
6.004014893e+02;2.900000000e+02
6.005050049e+02;3.290000000e+02
6.006086426e+02;3.220000000e+02
6.007122192e+02;3.470000000e+02
6.008157959e+02;2.190000000e+02
6.009193726e+02;3.050000000e+02
6.010229492e+02;2.460000000e+02
6.011265259e+02;2.850000000e+02
6.012301025e+02;2.830000000e+02
6.013337402e+02;3.070000000e+02
6.014373169e+02;2.990000000e+02
6.015408936e+02;3.200000000e+02
6.016444702e+02;2.260000000e+02
6.017481079e+02;3.430000000e+02
6.018516846e+02;2.430000000e+02
6.019553223e+02;3.150000000e+02
6.020588989e+02;2.000000000e+02
6.021624756e+02;2.810000000e+02
6.022661133e+02;3.380000000e+02
6.023696899e+02;2.940000000e+02
6.024733276e+02;2.590000000e+02
6.025769043e+02;3.610000000e+02
6.026805420e+02;2.340000000e+02
6.027841187e+02;3.010000000e+02
6.028877563e+02;2.690000000e+02
6.029913940e+02;2.750000000e+02
6.030950317e+02;2.750000000e+02
6.031986084e+02;3.240000000e+02
6.033021851e+02;2.550000000e+02
6.034058228e+02;3.230000000e+02
6.035094604e+02;2.220000000e+02
6.036130981e+02;3.420000000e+02
6.037166748e+02;2.290000000e+02
6.038203735e+02;2.780000000e+02
6.039239502e+02;2.900000000e+02
6.040276489e+02;2.890000000e+02
6.041312256e+02;2.410000000e+02
6.042348633e+02;3.510000000e+02
6.043385010e+02;2.170000000e+02
6.044420776e+02;3.010000000e+02
6.045457764e+02;2.230000000e+02
6.046494141e+02;2.900000000e+02
6.047530518e+02;2.310000000e+02
6.048566895e+02;2.740000000e+02
6.049603271e+02;2.750000000e+02
6.050639648e+02;3.110000000e+02
6.051676636e+02;2.440000000e+02
6.052712402e+02;3.140000000e+02
6.053749390e+02;1.970000000e+02
6.054785767e+02;2.340000000e+02
6.055822144e+02;2.300000000e+02
6.056859131e+02;2.970000000e+02
6.057894897e+02;2.690000000e+02
6.058931885e+02;3.380000000e+02
6.059968262e+02;2.890000000e+02
6.061005249e+02;2.960000000e+02
6.062041626e+02;2.750000000e+02
6.063078613e+02;3.110000000e+02
6.064114990e+02;2.090000000e+02
6.065151978e+02;2.780000000e+02
6.066188354e+02;2.810000000e+02
6.067224731e+02;2.870000000e+02
6.068261719e+02;2.820000000e+02
6.069298096e+02;3.350000000e+02
6.070335083e+02;2.130000000e+02
6.071371460e+02;3.100000000e+02
6.072409058e+02;2.460000000e+02
6.073445435e+02;2.890000000e+02
6.074482422e+02;2.550000000e+02
6.075518799e+02;3.060000000e+02
6.076556396e+02;2.930000000e+02
6.077592773e+02;3.240000000e+02
6.078629150e+02;2.470000000e+02
6.079666138e+02;3.390000000e+02
6.080703125e+02;2.050000000e+02
6.081740112e+02;3.340000000e+02
6.082777100e+02;3.050000000e+02
6.083814087e+02;2.830000000e+02
6.084851074e+02;2.670000000e+02
6.085888062e+02;3.150000000e+02
6.086925049e+02;2.360000000e+02
6.087962036e+02;3.030000000e+02
6.088999023e+02;2.350000000e+02
6.090035400e+02;3.060000000e+02
6.091072998e+02;2.500000000e+02
6.092109375e+02;2.850000000e+02
6.093146973e+02;2.740000000e+02
6.094183960e+02;2.830000000e+02
6.095220947e+02;2.610000000e+02
6.096257935e+02;3.240000000e+02
6.097295532e+02;2.020000000e+02
6.098332520e+02;2.880000000e+02
6.099370117e+02;1.740000000e+02
6.100406494e+02;3.060000000e+02
6.101444092e+02;2.170000000e+02
6.102481079e+02;2.880000000e+02
6.103518066e+02;3.010000000e+02
6.104555664e+02;3.130000000e+02
6.105592651e+02;2.520000000e+02
6.106630249e+02;3.350000000e+02
6.107667236e+02;2.200000000e+02
6.108704834e+02;2.700000000e+02
6.109741821e+02;2.270000000e+02
6.110779419e+02;2.840000000e+02
6.111816406e+02;2.500000000e+02
6.112854004e+02;2.800000000e+02
6.113890991e+02;2.680000000e+02
6.114927979e+02;2.820000000e+02
6.115965576e+02;2.810000000e+02
6.117003174e+02;3.370000000e+02
6.118040771e+02;1.960000000e+02
6.119077759e+02;2.880000000e+02
6.120115356e+02;3.050000000e+02
6.121152954e+02;2.860000000e+02
6.122190552e+02;2.910000000e+02
6.123227539e+02;3.160000000e+02
6.124265747e+02;2.010000000e+02
6.125302734e+02;2.940000000e+02
6.126339722e+02;2.010000000e+02
6.127377930e+02;2.550000000e+02
6.128414917e+02;2.410000000e+02
6.129453125e+02;2.950000000e+02
6.130490112e+02;2.970000000e+02
6.131528320e+02;3.020000000e+02
6.132565308e+02;2.510000000e+02
6.133603516e+02;2.940000000e+02
6.134640503e+02;2.110000000e+02
6.135678711e+02;2.710000000e+02
6.136716309e+02;2.210000000e+02
6.137753296e+02;2.620000000e+02
6.138791504e+02;2.360000000e+02
6.139829102e+02;2.940000000e+02
6.140866699e+02;2.310000000e+02
6.141904297e+02;2.860000000e+02
6.142942505e+02;2.200000000e+02
6.143980103e+02;3.000000000e+02
6.145018311e+02;1.890000000e+02
6.146055298e+02;2.940000000e+02
6.147093506e+02;2.450000000e+02
6.148131104e+02;2.810000000e+02
6.149168701e+02;2.890000000e+02
6.150206909e+02;3.350000000e+02
6.151244507e+02;2.200000000e+02
6.152282715e+02;2.830000000e+02
6.153320312e+02;2.350000000e+02
6.154358521e+02;3.100000000e+02
6.155396118e+02;2.670000000e+02
6.156434326e+02;3.210000000e+02
6.157471924e+02;2.830000000e+02
6.158510132e+02;2.790000000e+02
6.159547729e+02;2.080000000e+02
6.160585938e+02;2.670000000e+02
6.161624146e+02;2.070000000e+02
6.162661743e+02;2.900000000e+02
6.163699951e+02;2.700000000e+02
6.164738159e+02;2.760000000e+02
6.165776367e+02;2.590000000e+02
6.166813965e+02;3.020000000e+02
6.167852173e+02;2.450000000e+02
6.168890381e+02;2.840000000e+02
6.169928589e+02;2.250000000e+02
6.170966187e+02;2.790000000e+02
6.172005005e+02;2.330000000e+02
6.173042603e+02;2.670000000e+02
6.174080811e+02;2.770000000e+02
6.175119019e+02;2.710000000e+02
6.176157227e+02;2.270000000e+02
6.177195435e+02;3.020000000e+02
6.178233643e+02;1.990000000e+02
6.179271851e+02;2.710000000e+02
6.180310059e+02;1.710000000e+02
6.181348877e+02;3.150000000e+02
6.182386475e+02;1.850000000e+02
6.183425293e+02;2.750000000e+02
6.184463501e+02;2.670000000e+02
6.185501099e+02;2.780000000e+02
6.186539917e+02;2.110000000e+02
6.187578125e+02;2.910000000e+02
6.188616333e+02;1.750000000e+02
6.189654541e+02;2.300000000e+02
6.190693359e+02;2.440000000e+02
6.191731567e+02;2.390000000e+02
6.192770386e+02;2.550000000e+02
6.193808594e+02;2.460000000e+02
6.194846802e+02;2.360000000e+02
6.195885010e+02;2.690000000e+02
6.196923218e+02;1.820000000e+02
6.197962036e+02;2.780000000e+02
6.199000244e+02;1.850000000e+02
6.200039062e+02;2.080000000e+02
6.201077271e+02;2.300000000e+02
6.202116089e+02;2.170000000e+02
6.203154297e+02;1.730000000e+02
6.204193726e+02;2.580000000e+02
6.205231934e+02;1.730000000e+02
6.206270752e+02;2.530000000e+02
6.207308960e+02;2.220000000e+02
6.208347168e+02;2.430000000e+02
6.209385986e+02;1.970000000e+02
6.210424805e+02;2.500000000e+02
6.211463623e+02;2.220000000e+02
6.212501831e+02;2.570000000e+02
6.213540649e+02;2.500000000e+02
6.214579468e+02;2.940000000e+02
6.215618286e+02;1.600000000e+02
6.216656494e+02;2.250000000e+02
6.217695923e+02;2.060000000e+02
6.218734131e+02;2.160000000e+02
6.219773560e+02;2.400000000e+02
6.220811768e+02;2.770000000e+02
6.221849976e+02;1.860000000e+02
6.222889404e+02;2.450000000e+02
6.223927612e+02;1.400000000e+02
6.224967041e+02;2.960000000e+02
6.226005859e+02;2.060000000e+02
6.227044678e+02;2.410000000e+02
6.228083496e+02;2.300000000e+02
6.229122314e+02;2.520000000e+02
6.230161133e+02;2.240000000e+02
6.231200562e+02;2.480000000e+02
6.232238770e+02;2.020000000e+02
6.233277588e+02;2.850000000e+02
6.234317017e+02;1.720000000e+02
6.235355225e+02;3.000000000e+02
6.236394653e+02;2.160000000e+02
6.237433472e+02;2.650000000e+02
6.238472900e+02;2.660000000e+02
6.239511719e+02;2.770000000e+02
6.240550537e+02;2.480000000e+02
6.241589355e+02;2.650000000e+02
6.242628784e+02;2.030000000e+02
6.243667603e+02;3.050000000e+02
6.244706421e+02;2.700000000e+02
6.245745850e+02;3.040000000e+02
6.246784668e+02;2.550000000e+02
6.247824097e+02;3.070000000e+02
6.248862915e+02;2.660000000e+02
6.249902344e+02;2.960000000e+02
6.250941162e+02;2.200000000e+02
6.251980591e+02;2.950000000e+02
6.253019409e+02;2.060000000e+02
6.254058838e+02;2.850000000e+02
6.255098267e+02;2.960000000e+02
6.256137085e+02;2.930000000e+02
6.257176514e+02;2.740000000e+02
6.258215332e+02;3.450000000e+02
6.259254761e+02;1.910000000e+02
6.260294189e+02;2.970000000e+02
6.261333618e+02;2.380000000e+02
6.262372437e+02;3.040000000e+02
6.263412476e+02;2.470000000e+02
6.264451294e+02;3.190000000e+02
6.265490723e+02;2.860000000e+02
6.266530151e+02;2.840000000e+02
6.267569580e+02;2.810000000e+02
6.268608398e+02;3.260000000e+02
6.269647827e+02;2.380000000e+02
6.270687256e+02;3.000000000e+02
6.271726685e+02;2.690000000e+02
6.272766113e+02;2.740000000e+02
6.273805542e+02;2.560000000e+02
6.274844971e+02;2.960000000e+02
6.275884399e+02;2.410000000e+02
6.276923828e+02;3.270000000e+02
6.277963257e+02;2.320000000e+02
6.279003296e+02;3.200000000e+02
6.280042114e+02;2.250000000e+02
6.281081543e+02;3.030000000e+02
6.282121582e+02;2.580000000e+02
6.283160400e+02;3.040000000e+02
6.284200439e+02;2.290000000e+02
6.285239868e+02;3.540000000e+02
6.286279907e+02;2.100000000e+02
6.287318726e+02;2.880000000e+02
6.288358765e+02;2.330000000e+02
6.289398193e+02;3.300000000e+02
6.290438232e+02;2.640000000e+02
6.291477661e+02;2.600000000e+02
6.292517090e+02;2.890000000e+02
6.293557129e+02;2.940000000e+02
6.294596558e+02;2.490000000e+02
6.295635986e+02;3.280000000e+02
6.296675415e+02;2.410000000e+02
6.297715454e+02;2.670000000e+02
6.298754883e+02;2.330000000e+02
6.299794922e+02;3.100000000e+02
6.300834961e+02;2.520000000e+02
6.301875000e+02;3.110000000e+02
6.302914429e+02;2.380000000e+02
6.303954468e+02;2.830000000e+02
6.304993896e+02;1.840000000e+02
6.306033325e+02;2.680000000e+02
6.307073364e+02;2.030000000e+02
6.308112793e+02;2.890000000e+02
6.309153442e+02;2.790000000e+02
6.310192871e+02;2.650000000e+02
6.311232910e+02;2.760000000e+02
6.312272339e+02;3.060000000e+02
6.313312988e+02;2.020000000e+02
6.314352417e+02;3.140000000e+02
6.315392456e+02;2.630000000e+02
6.316432495e+02;2.890000000e+02
6.317471924e+02;2.730000000e+02
6.318511963e+02;2.810000000e+02
6.319552002e+02;2.480000000e+02
6.320592041e+02;2.670000000e+02
6.321632080e+02;2.380000000e+02
6.322672119e+02;3.220000000e+02
6.323712158e+02;2.070000000e+02
6.324752197e+02;2.560000000e+02
6.325792236e+02;1.990000000e+02
6.326832275e+02;2.600000000e+02
6.327872314e+02;2.320000000e+02
6.328912354e+02;2.700000000e+02
6.329952393e+02;1.960000000e+02
6.330992432e+02;2.470000000e+02
6.332032471e+02;1.930000000e+02
6.333072510e+02;2.520000000e+02
6.334113159e+02;1.610000000e+02
6.335152588e+02;2.570000000e+02
6.336193237e+02;2.860000000e+02
6.337233276e+02;2.620000000e+02
6.338273926e+02;2.200000000e+02
6.339313965e+02;2.790000000e+02
6.340354004e+02;1.870000000e+02
6.341394043e+02;2.800000000e+02
6.342434082e+02;1.970000000e+02
6.343474731e+02;2.050000000e+02
6.344514771e+02;2.100000000e+02
6.345555420e+02;2.420000000e+02
6.346595459e+02;2.050000000e+02
6.347636108e+02;1.990000000e+02
6.348675537e+02;2.070000000e+02
6.349716187e+02;2.370000000e+02
6.350756226e+02;1.640000000e+02
6.351796875e+02;2.070000000e+02
6.352837524e+02;1.700000000e+02
6.353877563e+02;2.270000000e+02
6.354918213e+02;2.220000000e+02
6.355958252e+02;2.690000000e+02
6.356998901e+02;1.830000000e+02
6.358038940e+02;2.440000000e+02
6.359079590e+02;2.100000000e+02
6.360119629e+02;2.490000000e+02
6.361160889e+02;1.780000000e+02
6.362200928e+02;2.430000000e+02
6.363241577e+02;2.280000000e+02
6.364281616e+02;2.690000000e+02
6.365322876e+02;2.230000000e+02
6.366362915e+02;2.760000000e+02
6.367402954e+02;1.300000000e+02
6.368443604e+02;2.370000000e+02
6.369484253e+02;1.660000000e+02
6.370524902e+02;2.750000000e+02
6.371565552e+02;1.840000000e+02
6.372606201e+02;2.480000000e+02
6.373646240e+02;2.550000000e+02
6.374687500e+02;2.520000000e+02
6.375727539e+02;1.740000000e+02
6.376768799e+02;2.800000000e+02
6.377808838e+02;1.360000000e+02
6.378849487e+02;2.190000000e+02
6.379890137e+02;1.760000000e+02
6.380930786e+02;2.730000000e+02
6.381971436e+02;2.250000000e+02
6.383012085e+02;2.520000000e+02
6.384053345e+02;2.060000000e+02
6.385093384e+02;2.360000000e+02
6.386134644e+02;1.860000000e+02
6.387175293e+02;2.630000000e+02
6.388215942e+02;1.560000000e+02
6.389256592e+02;2.370000000e+02
6.390297241e+02;2.530000000e+02
6.391338501e+02;2.360000000e+02
6.392378540e+02;1.740000000e+02
6.393419800e+02;2.560000000e+02
6.394460449e+02;1.820000000e+02
6.395501709e+02;2.590000000e+02
6.396542358e+02;1.920000000e+02
6.397583008e+02;2.290000000e+02
6.398623657e+02;2.120000000e+02
6.399664917e+02;2.480000000e+02
6.400705566e+02;2.260000000e+02
6.401746826e+02;2.650000000e+02
6.402787476e+02;1.910000000e+02
6.403828125e+02;2.770000000e+02
6.404869385e+02;1.690000000e+02
6.405910034e+02;2.320000000e+02
6.406951294e+02;2.190000000e+02
6.407991943e+02;2.030000000e+02
6.409033203e+02;2.110000000e+02
6.410073853e+02;2.420000000e+02
6.411115112e+02;2.080000000e+02
6.412155762e+02;2.980000000e+02
6.413197021e+02;1.980000000e+02
6.414238281e+02;2.390000000e+02
6.415278931e+02;1.680000000e+02
6.416320190e+02;2.280000000e+02
6.417360840e+02;2.400000000e+02
6.418402100e+02;2.490000000e+02
6.419443359e+02;2.350000000e+02
6.420484619e+02;2.730000000e+02
6.421525269e+02;1.410000000e+02
6.422566528e+02;2.680000000e+02
6.423607788e+02;2.070000000e+02
6.424649048e+02;2.860000000e+02
6.425689697e+02;1.950000000e+02
6.426731567e+02;2.380000000e+02
6.427772217e+02;2.760000000e+02
6.428813477e+02;2.150000000e+02
6.429854736e+02;2.080000000e+02
6.430895386e+02;2.980000000e+02
6.431937256e+02;1.680000000e+02
6.432977905e+02;2.720000000e+02
6.434019775e+02;2.220000000e+02
6.435060425e+02;2.440000000e+02
6.436102295e+02;2.090000000e+02
6.437143555e+02;2.970000000e+02
6.438184814e+02;2.050000000e+02
6.439226074e+02;2.760000000e+02
6.440266724e+02;2.090000000e+02
6.441308594e+02;2.620000000e+02
6.442349854e+02;1.910000000e+02
6.443391113e+02;2.580000000e+02
6.444432373e+02;2.800000000e+02
6.445474243e+02;2.590000000e+02
6.446514893e+02;2.280000000e+02
6.447556763e+02;2.860000000e+02
6.448598022e+02;1.920000000e+02
6.449639282e+02;3.240000000e+02
6.450680542e+02;2.150000000e+02
6.451722412e+02;2.640000000e+02
6.452763672e+02;2.530000000e+02
6.453804932e+02;2.640000000e+02
6.454846802e+02;2.960000000e+02
6.455887451e+02;2.740000000e+02
6.456929321e+02;2.370000000e+02
6.457970581e+02;2.990000000e+02
6.459012451e+02;2.090000000e+02
6.460053711e+02;2.520000000e+02
6.461095581e+02;2.680000000e+02
6.462136841e+02;2.790000000e+02
6.463178711e+02;2.740000000e+02
6.464219971e+02;3.140000000e+02
6.465261230e+02;2.560000000e+02
6.466303101e+02;2.640000000e+02
6.467344360e+02;1.990000000e+02
6.468386230e+02;3.080000000e+02
6.469427490e+02;2.490000000e+02
6.470469360e+02;2.680000000e+02
6.471511230e+02;3.000000000e+02
6.472553101e+02;2.660000000e+02
6.473594360e+02;2.850000000e+02
6.474636230e+02;3.310000000e+02
6.475677490e+02;2.130000000e+02
6.476719971e+02;3.050000000e+02
6.477761230e+02;1.840000000e+02
6.478802490e+02;2.630000000e+02
6.479844360e+02;2.380000000e+02
6.480886230e+02;2.710000000e+02
6.481928101e+02;2.940000000e+02
6.482969360e+02;2.640000000e+02
6.484011841e+02;2.550000000e+02
6.485053101e+02;3.440000000e+02
6.486094971e+02;1.790000000e+02
6.487136841e+02;2.880000000e+02
6.488178711e+02;2.120000000e+02
6.489219971e+02;2.700000000e+02
6.490261841e+02;2.570000000e+02
6.491303711e+02;2.990000000e+02
6.492345581e+02;2.370000000e+02
6.493387451e+02;2.770000000e+02
6.494429321e+02;2.200000000e+02
6.495471191e+02;2.750000000e+02
6.496513062e+02;2.180000000e+02
6.497554932e+02;2.550000000e+02
6.498596802e+02;2.980000000e+02
6.499639282e+02;3.000000000e+02
6.500680542e+02;2.510000000e+02
6.501723022e+02;3.080000000e+02
6.502764282e+02;2.060000000e+02
6.503806152e+02;2.880000000e+02
6.504848633e+02;2.000000000e+02
6.505890503e+02;2.790000000e+02
6.506932373e+02;2.440000000e+02
6.507974243e+02;2.810000000e+02
6.509016724e+02;3.000000000e+02
6.510057983e+02;2.840000000e+02
6.511100464e+02;2.260000000e+02
6.512142334e+02;2.880000000e+02
6.513184814e+02;1.590000000e+02
6.514226685e+02;3.050000000e+02
6.515267944e+02;2.570000000e+02
6.516310425e+02;2.650000000e+02
6.517352295e+02;2.570000000e+02
6.518394775e+02;2.910000000e+02
6.519436646e+02;2.750000000e+02
6.520479126e+02;2.980000000e+02
6.521520996e+02;2.110000000e+02
6.522563477e+02;2.780000000e+02
6.523605347e+02;2.020000000e+02
6.524647827e+02;3.060000000e+02
6.525689697e+02;2.650000000e+02
6.526732178e+02;2.220000000e+02
6.527774048e+02;2.850000000e+02
6.528815918e+02;3.160000000e+02
6.529858398e+02;2.210000000e+02
6.530900269e+02;3.060000000e+02
6.531942749e+02;2.520000000e+02
6.532984619e+02;2.900000000e+02
6.534027100e+02;2.400000000e+02
6.535069580e+02;2.790000000e+02
6.536112061e+02;2.930000000e+02
6.537153931e+02;2.690000000e+02
6.538196411e+02;2.520000000e+02
6.539238281e+02;3.210000000e+02
6.540281372e+02;2.190000000e+02
6.541323242e+02;2.620000000e+02
6.542365112e+02;2.190000000e+02
6.543407593e+02;2.730000000e+02
6.544450073e+02;2.500000000e+02
6.545492554e+02;3.150000000e+02
6.546534424e+02;2.280000000e+02
6.547577515e+02;3.180000000e+02
6.548619385e+02;1.860000000e+02
6.549661865e+02;2.970000000e+02
6.550704346e+02;1.910000000e+02
6.551746826e+02;2.600000000e+02
6.552789307e+02;3.000000000e+02
6.553831177e+02;2.890000000e+02
6.554874268e+02;2.070000000e+02
6.555916138e+02;3.340000000e+02
6.556959229e+02;1.920000000e+02
6.558001099e+02;2.880000000e+02
6.559044189e+02;2.190000000e+02
6.560086060e+02;2.710000000e+02
6.561129150e+02;2.480000000e+02
6.562171021e+02;2.770000000e+02
6.563214111e+02;2.730000000e+02
6.564255981e+02;2.350000000e+02
6.565299072e+02;2.310000000e+02
6.566341553e+02;3.050000000e+02
6.567383423e+02;1.940000000e+02
6.568426514e+02;2.470000000e+02
6.569468994e+02;2.430000000e+02
6.570511475e+02;2.510000000e+02
6.571553955e+02;2.310000000e+02
6.572597046e+02;3.240000000e+02
6.573639526e+02;2.060000000e+02
6.574682007e+02;2.860000000e+02
6.575724487e+02;2.020000000e+02
6.576767578e+02;3.100000000e+02
6.577810059e+02;2.210000000e+02
6.578852539e+02;2.730000000e+02
6.579895020e+02;2.600000000e+02
6.580937500e+02;2.770000000e+02
6.581980591e+02;2.400000000e+02
6.583023071e+02;2.830000000e+02
6.584066162e+02;1.700000000e+02
6.585108643e+02;2.760000000e+02
6.586151733e+02;2.270000000e+02
6.587194214e+02;2.530000000e+02
6.588237305e+02;2.060000000e+02
6.589279785e+02;2.490000000e+02
6.590322876e+02;2.370000000e+02
6.591365356e+02;2.820000000e+02
6.592407837e+02;2.310000000e+02
6.593450928e+02;2.880000000e+02
6.594493408e+02;2.020000000e+02
6.595536499e+02;2.710000000e+02
6.596578979e+02;2.400000000e+02
6.597622070e+02;2.380000000e+02
6.598664551e+02;2.480000000e+02
6.599707642e+02;3.010000000e+02
6.600750122e+02;2.430000000e+02
6.601793213e+02;2.850000000e+02
6.602836304e+02;1.880000000e+02
6.603879395e+02;2.810000000e+02
6.604921875e+02;2.190000000e+02
6.605964355e+02;2.430000000e+02
6.607007446e+02;2.270000000e+02
6.608050537e+02;2.720000000e+02
6.609093628e+02;2.270000000e+02
6.610136108e+02;3.020000000e+02
6.611179810e+02;1.870000000e+02
6.612222290e+02;2.950000000e+02
6.613265381e+02;2.080000000e+02
6.614308472e+02;2.300000000e+02
6.615351562e+02;2.330000000e+02
6.616394043e+02;2.740000000e+02
6.617437134e+02;2.510000000e+02
6.618480225e+02;2.490000000e+02
6.619522705e+02;1.730000000e+02
6.620566406e+02;2.820000000e+02
6.621608887e+02;2.050000000e+02
6.622652588e+02;2.740000000e+02
6.623695068e+02;2.670000000e+02
6.624738770e+02;2.620000000e+02
6.625781250e+02;2.400000000e+02
6.626824951e+02;2.750000000e+02
6.627867432e+02;2.240000000e+02
6.628911133e+02;2.510000000e+02
6.629953613e+02;1.810000000e+02
6.630996704e+02;2.680000000e+02
6.632039795e+02;1.790000000e+02
6.633082886e+02;2.450000000e+02
6.634126587e+02;2.310000000e+02
6.635169067e+02;2.870000000e+02
6.636212769e+02;2.120000000e+02
6.637255859e+02;2.510000000e+02
6.638298950e+02;1.550000000e+02
6.639342041e+02;2.630000000e+02
6.640385742e+02;1.940000000e+02
6.641428223e+02;2.530000000e+02
6.642471924e+02;1.940000000e+02
6.643515015e+02;2.300000000e+02
6.644558105e+02;2.390000000e+02
6.645601196e+02;2.280000000e+02
6.646644287e+02;1.830000000e+02
6.647687988e+02;2.850000000e+02
6.648731079e+02;1.290000000e+02
6.649774780e+02;2.030000000e+02
6.650817871e+02;2.120000000e+02
6.651860962e+02;2.300000000e+02
6.652904053e+02;2.310000000e+02
6.653947754e+02;2.430000000e+02
6.654990845e+02;1.740000000e+02
6.656033936e+02;2.210000000e+02
6.657077637e+02;1.600000000e+02
6.658120728e+02;2.540000000e+02
6.659164429e+02;1.110000000e+02
6.660207520e+02;1.760000000e+02
6.661251221e+02;2.620000000e+02
6.662294312e+02;2.360000000e+02
6.663338013e+02;2.400000000e+02
6.664381104e+02;2.620000000e+02
6.665424805e+02;1.440000000e+02
6.666467896e+02;2.410000000e+02
6.667511597e+02;1.400000000e+02
6.668554688e+02;2.250000000e+02
6.669597778e+02;2.120000000e+02
6.670641479e+02;2.360000000e+02
6.671684570e+02;1.980000000e+02
6.672728882e+02;2.440000000e+02
6.673771973e+02;1.660000000e+02
6.674815674e+02;2.480000000e+02
6.675858765e+02;1.440000000e+02
6.676902466e+02;2.170000000e+02
6.677945557e+02;2.810000000e+02
6.678989868e+02;2.400000000e+02
6.680032959e+02;2.410000000e+02
6.681076660e+02;2.880000000e+02
6.682119751e+02;2.180000000e+02
6.683163452e+02;2.780000000e+02
6.684207153e+02;1.850000000e+02
6.685250244e+02;2.420000000e+02
6.686294556e+02;1.730000000e+02
6.687337646e+02;2.160000000e+02
6.688381348e+02;2.730000000e+02
6.689425049e+02;2.300000000e+02
6.690468750e+02;2.410000000e+02
6.691511841e+02;2.900000000e+02
6.692556152e+02;1.720000000e+02
6.693599243e+02;2.300000000e+02
6.694642944e+02;2.040000000e+02
6.695686646e+02;2.510000000e+02
6.696730347e+02;2.090000000e+02
6.697774048e+02;2.530000000e+02
6.698817749e+02;2.480000000e+02
6.699861450e+02;2.800000000e+02
6.700905151e+02;2.060000000e+02
6.701948853e+02;2.670000000e+02
6.702992554e+02;2.020000000e+02
6.704036255e+02;2.720000000e+02
6.705079956e+02;2.720000000e+02
6.706123657e+02;2.800000000e+02
6.707167358e+02;2.510000000e+02
6.708211060e+02;2.930000000e+02
6.709254761e+02;2.250000000e+02
6.710298462e+02;2.930000000e+02
6.711342163e+02;2.120000000e+02
6.712385864e+02;2.830000000e+02
6.713430176e+02;2.260000000e+02
6.714473267e+02;2.580000000e+02
6.715517578e+02;2.820000000e+02
6.716561279e+02;3.000000000e+02
6.717605591e+02;2.710000000e+02
6.718648682e+02;3.370000000e+02
6.719692993e+02;1.890000000e+02
6.720736694e+02;2.880000000e+02
6.721780396e+02;2.530000000e+02
6.722824097e+02;3.030000000e+02
6.723867798e+02;2.820000000e+02
6.724912109e+02;2.980000000e+02
6.725955811e+02;2.840000000e+02
6.727000122e+02;2.750000000e+02
6.728043213e+02;2.660000000e+02
6.729087524e+02;3.450000000e+02
6.730131226e+02;2.000000000e+02
6.731175537e+02;3.050000000e+02
6.732219238e+02;2.980000000e+02
6.733263550e+02;2.960000000e+02
6.734307251e+02;2.710000000e+02
6.735350952e+02;3.080000000e+02
6.736395264e+02;2.660000000e+02
6.737438965e+02;3.080000000e+02
6.738483276e+02;2.600000000e+02
6.739526978e+02;2.950000000e+02
6.740571289e+02;2.370000000e+02
6.741614990e+02;2.970000000e+02
6.742659302e+02;3.120000000e+02
6.743703003e+02;3.490000000e+02
6.744747314e+02;2.750000000e+02
6.745791016e+02;3.420000000e+02
6.746834717e+02;2.140000000e+02
6.747879028e+02;3.490000000e+02
6.748922729e+02;2.580000000e+02
6.749967041e+02;3.190000000e+02
6.751010742e+02;2.680000000e+02
6.752055664e+02;3.010000000e+02
6.753099365e+02;2.990000000e+02
6.754143677e+02;2.770000000e+02
6.755187378e+02;2.510000000e+02
6.756231689e+02;3.200000000e+02
6.757276001e+02;2.190000000e+02
6.758320312e+02;2.660000000e+02
6.759364014e+02;2.790000000e+02
6.760407715e+02;3.030000000e+02
6.761452026e+02;2.610000000e+02
6.762496338e+02;3.180000000e+02
6.763540649e+02;2.520000000e+02
6.764584351e+02;3.060000000e+02
6.765629272e+02;2.660000000e+02
6.766672974e+02;3.420000000e+02
6.767717285e+02;2.600000000e+02
6.768761597e+02;2.930000000e+02
6.769805908e+02;3.080000000e+02
6.770849609e+02;2.840000000e+02
6.771894531e+02;2.760000000e+02
6.772938232e+02;3.330000000e+02
6.773982544e+02;2.460000000e+02
6.775026855e+02;3.450000000e+02
6.776070557e+02;2.210000000e+02
6.777115479e+02;2.810000000e+02
6.778159180e+02;2.790000000e+02
6.779204102e+02;3.210000000e+02
6.780247803e+02;3.270000000e+02
6.781292725e+02;2.750000000e+02
6.782336426e+02;2.620000000e+02
6.783381348e+02;3.390000000e+02
6.784425049e+02;1.820000000e+02
6.785469971e+02;2.940000000e+02
6.786513672e+02;2.510000000e+02
6.787557983e+02;2.880000000e+02
6.788602295e+02;2.430000000e+02
6.789646606e+02;3.400000000e+02
6.790691528e+02;2.410000000e+02
6.791735229e+02;3.140000000e+02
6.792780151e+02;2.690000000e+02
6.793823853e+02;3.300000000e+02
6.794868774e+02;2.680000000e+02
6.795913086e+02;2.860000000e+02
6.796957397e+02;2.730000000e+02
6.798001709e+02;2.830000000e+02
6.799046021e+02;2.840000000e+02
6.800090942e+02;3.360000000e+02
6.801134644e+02;2.410000000e+02
6.802179565e+02;2.820000000e+02
6.803223877e+02;2.420000000e+02
6.804268188e+02;2.930000000e+02
6.805312500e+02;2.640000000e+02
6.806357422e+02;3.300000000e+02
6.807401733e+02;3.170000000e+02
6.808446655e+02;3.130000000e+02
6.809490356e+02;2.340000000e+02
6.810535278e+02;3.080000000e+02
6.811579590e+02;1.960000000e+02
6.812623901e+02;2.860000000e+02
6.813668823e+02;2.870000000e+02
6.814713135e+02;2.800000000e+02
6.815757446e+02;2.770000000e+02
6.816801758e+02;2.810000000e+02
6.817846680e+02;2.410000000e+02
6.818890991e+02;2.950000000e+02
6.819935913e+02;1.920000000e+02
6.820980225e+02;2.740000000e+02
6.822025146e+02;2.020000000e+02
6.823069458e+02;2.620000000e+02
6.824114380e+02;2.660000000e+02
6.825158691e+02;2.490000000e+02
6.826203003e+02;2.530000000e+02
6.827247925e+02;2.640000000e+02
6.828292236e+02;2.200000000e+02
6.829337158e+02;2.720000000e+02
6.830381470e+02;1.820000000e+02
6.831426392e+02;2.550000000e+02
6.832470703e+02;2.410000000e+02
6.833515625e+02;2.520000000e+02
6.834559937e+02;2.290000000e+02
6.835604858e+02;2.520000000e+02
6.836649170e+02;2.350000000e+02
6.837694092e+02;2.860000000e+02
6.838739014e+02;1.530000000e+02
6.839783325e+02;3.030000000e+02
6.840828247e+02;2.370000000e+02
6.841872559e+02;2.670000000e+02
6.842917480e+02;2.570000000e+02
6.843961792e+02;2.990000000e+02
6.845007324e+02;2.670000000e+02
6.846051636e+02;2.580000000e+02
6.847096558e+02;2.020000000e+02
6.848140869e+02;3.020000000e+02
6.849185791e+02;2.070000000e+02
6.850230713e+02;2.270000000e+02
6.851275635e+02;2.440000000e+02
6.852319946e+02;3.090000000e+02
6.853364258e+02;2.640000000e+02
6.854409790e+02;3.110000000e+02
6.855454102e+02;1.700000000e+02
6.856499023e+02;2.730000000e+02
6.857543945e+02;1.990000000e+02
6.858588867e+02;2.680000000e+02
6.859633179e+02;2.500000000e+02
6.860678711e+02;3.090000000e+02
6.861723022e+02;2.510000000e+02
6.862767944e+02;2.900000000e+02
6.863812866e+02;2.280000000e+02
6.864857788e+02;2.890000000e+02
6.865902710e+02;1.700000000e+02
6.866947021e+02;2.300000000e+02
6.867991943e+02;2.370000000e+02
6.869036865e+02;2.400000000e+02
6.870081787e+02;2.460000000e+02
6.871126709e+02;2.850000000e+02
6.872171631e+02;2.290000000e+02
6.873216553e+02;3.070000000e+02
6.874261475e+02;2.000000000e+02
6.875306396e+02;3.010000000e+02
6.876351318e+02;2.070000000e+02
6.877396240e+02;2.630000000e+02
6.878440552e+02;2.790000000e+02
6.879486084e+02;3.080000000e+02
6.880530396e+02;2.550000000e+02
6.881575928e+02;3.260000000e+02
6.882620850e+02;2.060000000e+02
6.883665771e+02;2.990000000e+02
6.884710693e+02;2.210000000e+02
6.885755615e+02;2.670000000e+02
6.886800537e+02;2.290000000e+02
6.887846069e+02;3.090000000e+02
6.888890381e+02;2.820000000e+02
6.889935913e+02;2.780000000e+02
6.890980225e+02;1.910000000e+02
6.892025146e+02;3.110000000e+02
6.893070679e+02;1.390000000e+02
6.894114990e+02;2.610000000e+02
6.895160522e+02;2.320000000e+02
6.896205444e+02;2.740000000e+02
6.897250977e+02;2.750000000e+02
6.898295288e+02;3.060000000e+02
6.899340820e+02;2.140000000e+02
6.900385742e+02;2.680000000e+02
6.901431274e+02;1.680000000e+02
6.902475586e+02;2.660000000e+02
6.903521118e+02;1.840000000e+02
6.904566040e+02;2.560000000e+02
6.905610962e+02;2.610000000e+02
6.906655884e+02;2.880000000e+02
6.907700806e+02;2.210000000e+02
6.908746338e+02;3.240000000e+02
6.909791260e+02;2.240000000e+02
6.910836792e+02;2.910000000e+02
6.911881714e+02;2.520000000e+02
6.912926636e+02;2.540000000e+02
6.913971558e+02;2.250000000e+02
6.915017090e+02;2.450000000e+02
6.916062012e+02;2.270000000e+02
6.917107544e+02;2.370000000e+02
6.918152466e+02;2.370000000e+02
6.919197388e+02;2.830000000e+02
6.920242920e+02;1.670000000e+02
6.921287842e+02;2.660000000e+02
6.922333374e+02;1.940000000e+02
6.923378296e+02;2.190000000e+02
6.924423828e+02;2.190000000e+02
6.925468750e+02;2.790000000e+02
6.926514282e+02;2.040000000e+02
6.927559204e+02;2.600000000e+02
6.928604736e+02;2.100000000e+02
6.929649658e+02;2.710000000e+02
6.930695190e+02;1.710000000e+02
6.931740112e+02;2.520000000e+02
6.932785034e+02;2.560000000e+02
6.933830566e+02;2.250000000e+02
6.934875488e+02;2.110000000e+02
6.935921021e+02;2.350000000e+02
6.936965942e+02;1.650000000e+02
6.938011475e+02;2.560000000e+02
6.939056396e+02;1.860000000e+02
6.940101929e+02;2.310000000e+02
6.941146851e+02;1.740000000e+02
6.942192993e+02;1.940000000e+02
6.943237915e+02;2.130000000e+02
6.944283447e+02;1.800000000e+02
6.945328369e+02;1.700000000e+02
6.946373291e+02;2.570000000e+02
6.947418823e+02;1.250000000e+02
6.948464355e+02;2.670000000e+02
6.949509888e+02;2.010000000e+02
6.950554810e+02;2.290000000e+02
6.951600342e+02;1.990000000e+02
6.952645264e+02;2.740000000e+02
6.953691406e+02;1.860000000e+02
6.954736328e+02;2.060000000e+02
6.955781860e+02;1.780000000e+02
6.956826782e+02;2.300000000e+02
6.957872925e+02;1.250000000e+02
6.958917847e+02;2.010000000e+02
6.959962769e+02;2.240000000e+02
6.961008301e+02;2.130000000e+02
6.962053833e+02;2.090000000e+02
6.963099365e+02;2.340000000e+02
6.964144287e+02;1.460000000e+02
6.965190430e+02;2.000000000e+02
6.966235352e+02;1.340000000e+02
6.967280884e+02;2.230000000e+02
6.968326416e+02;1.370000000e+02
6.969371948e+02;1.960000000e+02
6.970416870e+02;1.840000000e+02
6.971463013e+02;2.240000000e+02
6.972507935e+02;1.620000000e+02
6.973553467e+02;2.540000000e+02
6.974598999e+02;1.600000000e+02
6.975643921e+02;2.280000000e+02
6.976690063e+02;1.640000000e+02
6.977734985e+02;2.080000000e+02
6.978781128e+02;2.090000000e+02
6.979826050e+02;2.570000000e+02
6.980872192e+02;1.490000000e+02
6.981917114e+02;2.480000000e+02
6.982963257e+02;1.760000000e+02
6.984008179e+02;2.430000000e+02
6.985054321e+02;1.220000000e+02
6.986099243e+02;2.430000000e+02
6.987144775e+02;2.050000000e+02
6.988190308e+02;2.400000000e+02
6.989235840e+02;1.700000000e+02
6.990281372e+02;2.400000000e+02
6.991326904e+02;1.190000000e+02
6.992372437e+02;2.310000000e+02
6.993417969e+02;1.360000000e+02
6.994463501e+02;2.250000000e+02
6.995509033e+02;1.720000000e+02
6.996555176e+02;2.190000000e+02
6.997600098e+02;1.860000000e+02
6.998646240e+02;2.130000000e+02
6.999691162e+02;2.060000000e+02
7.000736694e+02;2.450000000e+02
7.001782837e+02;1.300000000e+02
7.002827759e+02;1.970000000e+02
7.003873901e+02;1.660000000e+02
7.004919434e+02;2.480000000e+02
7.005964966e+02;1.750000000e+02
7.007010498e+02;2.200000000e+02
7.008056641e+02;1.510000000e+02
7.009101562e+02;2.160000000e+02
7.010147705e+02;1.880000000e+02
7.011193237e+02;2.380000000e+02
7.012238770e+02;1.360000000e+02
7.013284302e+02;2.180000000e+02
7.014329834e+02;2.250000000e+02
7.015375977e+02;1.970000000e+02
7.016420898e+02;1.570000000e+02
7.017467041e+02;2.290000000e+02
7.018512573e+02;1.730000000e+02
7.019558716e+02;2.220000000e+02
7.020603638e+02;1.750000000e+02
7.021649780e+02;1.900000000e+02
7.022695312e+02;1.740000000e+02
7.023741455e+02;2.340000000e+02
7.024786987e+02;2.240000000e+02
7.025832520e+02;2.230000000e+02
7.026878052e+02;1.440000000e+02
7.027923584e+02;2.410000000e+02
7.028969727e+02;1.570000000e+02
7.030015259e+02;2.130000000e+02
7.031061401e+02;1.740000000e+02
7.032106323e+02;1.890000000e+02
7.033152466e+02;2.140000000e+02
7.034197998e+02;2.460000000e+02
7.035244141e+02;1.940000000e+02
7.036289673e+02;2.210000000e+02
7.037335815e+02;9.900000000e+01
7.038381348e+02;2.530000000e+02
7.039427490e+02;1.200000000e+02
7.040473022e+02;2.410000000e+02
7.041518555e+02;2.350000000e+02
7.042564087e+02;2.300000000e+02
7.043609619e+02;1.710000000e+02
7.044655762e+02;2.650000000e+02
7.045701294e+02;1.350000000e+02
7.046747437e+02;2.190000000e+02
7.047792969e+02;1.200000000e+02
7.048839111e+02;2.380000000e+02
7.049884644e+02;1.660000000e+02
7.050930786e+02;2.270000000e+02
7.051976318e+02;2.140000000e+02
7.053021851e+02;2.010000000e+02
7.054067993e+02;1.410000000e+02
7.055113525e+02;2.480000000e+02
7.056159668e+02;1.390000000e+02
7.057205200e+02;2.240000000e+02
7.058251343e+02;2.100000000e+02
7.059296875e+02;2.220000000e+02
7.060343628e+02;1.770000000e+02
7.061389160e+02;2.550000000e+02
7.062435303e+02;1.600000000e+02
7.063480835e+02;2.210000000e+02
7.064526978e+02;1.490000000e+02
7.065572510e+02;2.190000000e+02
7.066618042e+02;1.510000000e+02
7.067664185e+02;2.090000000e+02
7.068709717e+02;2.300000000e+02
7.069755859e+02;2.110000000e+02
7.070802002e+02;1.830000000e+02
7.071848145e+02;2.420000000e+02
7.072893677e+02;1.510000000e+02
7.073939819e+02;2.360000000e+02
7.074985352e+02;1.310000000e+02
7.076031494e+02;2.420000000e+02
7.077077637e+02;1.520000000e+02
7.078123779e+02;1.700000000e+02
7.079169312e+02;2.120000000e+02
7.080214844e+02;2.100000000e+02
7.081260986e+02;1.570000000e+02
7.082307129e+02;2.040000000e+02
7.083353271e+02;1.490000000e+02
7.084398804e+02;1.960000000e+02
7.085444946e+02;1.970000000e+02
7.086490479e+02;1.870000000e+02
7.087537231e+02;1.600000000e+02
7.088582764e+02;2.100000000e+02
7.089628906e+02;1.650000000e+02
7.090674438e+02;2.300000000e+02
7.091721191e+02;1.300000000e+02
7.092766724e+02;2.170000000e+02
7.093812256e+02;1.320000000e+02
7.094859009e+02;2.030000000e+02
7.095904541e+02;1.970000000e+02
7.096950684e+02;2.160000000e+02
7.097996826e+02;1.500000000e+02
7.099042969e+02;2.570000000e+02
7.100088501e+02;1.510000000e+02
7.101135254e+02;2.380000000e+02
7.102180786e+02;1.400000000e+02
7.103226929e+02;1.840000000e+02
7.104273071e+02;1.390000000e+02
7.105319214e+02;2.270000000e+02
7.106364746e+02;1.970000000e+02
7.107410889e+02;2.370000000e+02
7.108457031e+02;1.200000000e+02
7.109502563e+02;2.070000000e+02
7.110549316e+02;9.800000000e+01
7.111594849e+02;1.740000000e+02
7.112641602e+02;1.390000000e+02
7.113687134e+02;1.730000000e+02
7.114733276e+02;1.510000000e+02
7.115779419e+02;1.890000000e+02
7.116825562e+02;1.520000000e+02
7.117871704e+02;2.100000000e+02
7.118917847e+02;9.900000000e+01
7.119963989e+02;2.270000000e+02
7.121009521e+02;1.140000000e+02
7.122056274e+02;1.850000000e+02
7.123101807e+02;1.880000000e+02
7.124147949e+02;1.990000000e+02
7.125194092e+02;1.670000000e+02
7.126240234e+02;2.200000000e+02
7.127286377e+02;1.380000000e+02
7.128332520e+02;1.800000000e+02
7.129378662e+02;1.390000000e+02
7.130424805e+02;1.540000000e+02
7.131470947e+02;1.600000000e+02
7.132517090e+02;2.370000000e+02
7.133563232e+02;2.160000000e+02
7.134609985e+02;2.150000000e+02
7.135655518e+02;1.770000000e+02
7.136701660e+02;2.290000000e+02
7.137747803e+02;1.220000000e+02
7.138793945e+02;1.970000000e+02
7.139840088e+02;1.670000000e+02
7.140886230e+02;1.900000000e+02
7.141932373e+02;2.030000000e+02
7.142978516e+02;2.280000000e+02
7.144025269e+02;1.190000000e+02
7.145070801e+02;2.030000000e+02
7.146117554e+02;1.360000000e+02
7.147163086e+02;2.580000000e+02
7.148209839e+02;1.570000000e+02
7.149255981e+02;2.110000000e+02
7.150301514e+02;2.220000000e+02
7.151348267e+02;2.210000000e+02
7.152393799e+02;2.080000000e+02
7.153440552e+02;2.510000000e+02
7.154486694e+02;1.500000000e+02
7.155532837e+02;2.360000000e+02
7.156578979e+02;1.580000000e+02
7.157625732e+02;2.210000000e+02
7.158671265e+02;1.780000000e+02
7.159718018e+02;2.250000000e+02
7.160764160e+02;2.570000000e+02
7.161810303e+02;2.320000000e+02
7.162856445e+02;2.030000000e+02
7.163902588e+02;2.720000000e+02
7.164949341e+02;1.140000000e+02
7.165994873e+02;2.270000000e+02
7.167041626e+02;1.810000000e+02
7.168087769e+02;2.380000000e+02
7.169133911e+02;2.320000000e+02
7.170180054e+02;2.290000000e+02
7.171226807e+02;1.820000000e+02
7.172272949e+02;2.350000000e+02
7.173319092e+02;1.440000000e+02
7.174365234e+02;2.440000000e+02
7.175411987e+02;1.510000000e+02
7.176458130e+02;2.210000000e+02
7.177503662e+02;2.020000000e+02
7.178550415e+02;2.000000000e+02
7.179596558e+02;1.810000000e+02
7.180643311e+02;2.190000000e+02
7.181688843e+02;1.230000000e+02
7.182735596e+02;2.480000000e+02
7.183781738e+02;1.770000000e+02
7.184828491e+02;2.140000000e+02
7.185874634e+02;1.700000000e+02
7.186920776e+02;2.030000000e+02
7.187966919e+02;2.010000000e+02
7.189013672e+02;2.220000000e+02
7.190059814e+02;1.440000000e+02
7.191105957e+02;2.280000000e+02
7.192152710e+02;1.340000000e+02
7.193198242e+02;1.820000000e+02
7.194244995e+02;1.890000000e+02
7.195291138e+02;1.890000000e+02
7.196337891e+02;1.760000000e+02
7.197384033e+02;2.160000000e+02
7.198430786e+02;1.250000000e+02
7.199476929e+02;2.030000000e+02
7.200523071e+02;1.390000000e+02
7.201569214e+02;2.130000000e+02
7.202615967e+02;1.330000000e+02
7.203662109e+02;1.940000000e+02
7.204708252e+02;1.860000000e+02
7.205755005e+02;1.710000000e+02
7.206801147e+02;1.460000000e+02
7.207847900e+02;1.980000000e+02
7.208894043e+02;9.200000000e+01
7.209940796e+02;1.680000000e+02
7.210986328e+02;9.100000000e+01
7.212033081e+02;1.610000000e+02
7.213079224e+02;1.320000000e+02
7.214125977e+02;1.770000000e+02
7.215172119e+02;1.280000000e+02
7.216218872e+02;1.630000000e+02
7.217265015e+02;1.300000000e+02
7.218311157e+02;1.810000000e+02
7.219357910e+02;1.020000000e+02
7.220404053e+02;1.440000000e+02
7.221450806e+02;1.150000000e+02
7.222496948e+02;1.570000000e+02
7.223543701e+02;1.230000000e+02
7.224589844e+02;1.970000000e+02
7.225636597e+02;1.090000000e+02
7.226682739e+02;1.470000000e+02
7.227729492e+02;7.500000000e+01
7.228775635e+02;1.550000000e+02
7.229822388e+02;1.060000000e+02
7.230868530e+02;1.620000000e+02
7.231914673e+02;1.510000000e+02
7.232961426e+02;1.470000000e+02
7.234007568e+02;1.670000000e+02
7.235054321e+02;1.600000000e+02
7.236100464e+02;1.000000000e+02
7.237147217e+02;1.750000000e+02
7.238193359e+02;1.300000000e+02
7.239240112e+02;1.630000000e+02
7.240286255e+02;9.300000000e+01
7.241333008e+02;1.530000000e+02
7.242379150e+02;1.190000000e+02
7.243425903e+02;1.600000000e+02
7.244472046e+02;1.350000000e+02
7.245518188e+02;1.820000000e+02
7.246564941e+02;5.500000000e+01
7.247611694e+02;1.710000000e+02
7.248658447e+02;1.040000000e+02
7.249704590e+02;1.510000000e+02
7.250751343e+02;1.090000000e+02
7.251797485e+02;1.660000000e+02
7.252844238e+02;1.070000000e+02
7.253890381e+02;1.730000000e+02
7.254937134e+02;7.800000000e+01
7.255983276e+02;1.900000000e+02
7.257030029e+02;1.280000000e+02
7.258076172e+02;1.500000000e+02
7.259122925e+02;1.500000000e+02
7.260169678e+02;1.560000000e+02
7.261215820e+02;9.300000000e+01
7.262262573e+02;1.810000000e+02
7.263308716e+02;9.600000000e+01
7.264355469e+02;1.760000000e+02
7.265401611e+02;9.300000000e+01
7.266448975e+02;1.660000000e+02
7.267495117e+02;1.140000000e+02
7.268541870e+02;1.570000000e+02
7.269588013e+02;1.690000000e+02
7.270634766e+02;1.700000000e+02
7.271680908e+02;1.080000000e+02
7.272727051e+02;2.290000000e+02
7.273774414e+02;9.400000000e+01
7.274820557e+02;1.630000000e+02
7.275867310e+02;1.290000000e+02
7.276913452e+02;1.280000000e+02
7.277960205e+02;1.340000000e+02
7.279006958e+02;1.530000000e+02
7.280053711e+02;1.100000000e+02
7.281099854e+02;1.350000000e+02
7.282146606e+02;5.200000000e+01
7.283192749e+02;1.490000000e+02
7.284240112e+02;5.000000000e+01
7.285286255e+02;1.210000000e+02
7.286332397e+02;1.420000000e+02
7.287379150e+02;1.200000000e+02
7.288425293e+02;8.300000000e+01
7.289472656e+02;1.690000000e+02
7.290518799e+02;1.900000000e+01
7.291565552e+02;1.010000000e+02
7.292611694e+02;4.000000000e+01
7.293659058e+02;1.060000000e+02
7.294705200e+02;5.500000000e+01
7.295751953e+02;1.140000000e+02
7.296798096e+02;1.030000000e+02
7.297845459e+02;1.240000000e+02
7.298891602e+02;7.200000000e+01
7.299937744e+02;1.380000000e+02
7.300984497e+02;0.000000000e+00
7.302031250e+02;1.140000000e+02
7.303078003e+02;8.500000000e+01
7.304124146e+02;1.410000000e+02
7.305170898e+02;1.080000000e+02
7.306217651e+02;2.000000000e+02
7.307264404e+02;9.700000000e+01
7.308310547e+02;1.350000000e+02
7.309357300e+02;1.140000000e+02
7.310404053e+02;2.400000000e+02
7.311450806e+02;9.700000000e+01
7.312496948e+02;9.700000000e+01
[EndOfFile]
